0.000000,1900,0,0,0,0,0,0,0,0,0,0,0,0,0,0,0,0,0,normal
0.000000,5353,5,0,0,0,0,0,0,0,0,0,0,0,0,0,0,0,0,normal
0.000000,5353,5,0,0,0,0,0,0,0,0,0,0,0,0,0,1,0,1,normal
0.000000,3702,0,0,0,0,0,0,0,0,0,0,0,0,0,0,0,1,0,normal
0.000000,3702,0,0,0,0,0,0,0,0,0,0,0,0,0,0,1,0,1,normal
0.144204,3702,5,0,0,0,0,0,0,0,0,0,0,0,0,1,2,2,2,normal
0.199718,3702,5,0,0,0,0,0,0,0,0,0,0,0,0,1,3,1,3,normal
0.431193,3702,5,0,0,0,0,0,0,0,0,0,0,0,0,2,4,3,4,normal
0.597735,3702,5,0,0,0,0,0,0,0,0,0,0,0,0,2,5,2,5,normal
0.881462,3702,5,0,0,0,0,0,0,0,0,0,0,0,0,3,6,4,6,normal
1.047734,3702,5,0,0,0,0,0,0,0,0,0,0,0,0,3,7,3,7,normal
0.000000,1900,0,0,0,0,0,0,0,0,0,0,0,0,0,0,0,5,1,normal
0.000000,1900,0,0,0,0,0,0,0,0,0,0,0,0,0,0,1,4,2,normal
0.307124,1900,5,0,0,0,0,0,0,0,0,0,0,0,0,1,2,6,3,normal
0.306828,1900,5,0,0,0,0,0,0,0,0,0,0,0,0,1,3,5,4,normal
0.317315,1900,5,0,0,0,0,0,0,0,0,0,0,0,0,2,4,7,5,normal
0.317929,1900,5,0,0,0,0,0,0,0,0,0,0,0,0,2,5,6,6,normal
0.511388,1900,5,0,0,0,0,0,0,0,0,0,0,0,0,3,6,8,7,normal
0.510697,1900,5,0,0,0,0,0,0,0,0,0,0,0,0,3,7,7,8,normal
1.125915,1900,5,0,0,0,0,0,0,0,0,0,0,0,0,4,8,9,9,normal
1.125208,1900,5,0,0,0,0,0,0,0,0,0,0,0,0,4,9,8,10,normal
2.459708,1900,5,0,0,0,0,0,0,0,0,0,0,0,0,5,10,10,11,normal
2.459462,1900,5,0,0,0,0,0,0,0,0,0,0,0,0,5,11,9,12,normal
2.975104,1900,5,0,0,0,0,0,0,0,0,0,0,0,0,6,12,11,13,normal
2.977141,1900,5,0,0,0,0,0,0,0,0,0,0,0,0,6,13,10,14,normal
3.276660,1900,5,0,0,0,0,0,0,0,0,0,0,0,0,7,14,12,15,normal
3.276445,1900,5,0,0,0,0,0,0,0,0,0,0,0,0,7,15,11,16,normal
3.379726,1900,5,0,0,0,0,0,0,0,0,0,0,0,0,8,16,13,17,normal
3.379611,1900,5,0,0,0,0,0,0,0,0,0,0,0,0,8,17,12,18,normal
3.583272,1900,5,0,0,0,0,0,0,0,0,0,0,0,0,9,18,14,19,normal
3.582591,1900,5,0,0,0,0,0,0,0,0,0,0,0,0,9,19,13,20,normal
4.095352,1900,5,0,0,0,0,0,0,0,0,0,0,0,0,10,20,15,21,normal
4.094704,1900,5,0,0,0,0,0,0,0,0,0,0,0,0,10,21,14,22,normal
5.444407,1900,5,0,0,0,0,0,0,0,0,0,0,0,0,11,22,16,23,normal
5.449724,1900,5,0,0,0,0,0,0,0,0,0,0,0,0,11,23,15,24,normal
6.041482,1900,5,0,0,0,0,0,0,0,0,0,0,0,0,12,24,17,25,normal
6.041460,1900,5,0,0,0,0,0,0,0,0,0,0,0,0,12,25,16,26,normal
6.261160,1900,5,0,0,0,0,0,0,0,0,0,0,0,0,13,26,18,27,normal
6.262461,1900,5,0,0,0,0,0,0,0,0,0,0,0,0,13,27,17,28,normal
6.352843,1900,5,0,0,0,0,0,0,0,0,0,0,0,0,14,28,19,29,normal
6.352650,1900,5,0,0,0,0,0,0,0,0,0,0,0,0,14,29,18,30,normal
6.558720,1900,5,0,0,0,0,0,0,0,0,0,0,0,0,15,30,20,31,normal
6.558081,1900,5,0,0,0,0,0,0,0,0,0,0,0,0,15,31,19,32,normal
7.169547,1900,5,0,0,0,0,0,0,0,0,0,0,0,0,16,32,21,33,normal
7.168916,1900,5,0,0,0,0,0,0,0,0,0,0,0,0,16,33,20,34,normal
8.396465,1900,5,0,0,0,0,0,0,0,0,0,0,0,0,17,34,22,35,normal
8.396309,1900,5,0,0,0,0,0,0,0,0,0,0,0,0,17,35,21,36,normal
44.265715,1900,5,0,0,0,0,0,0,0,0,0,0,0,0,0,0,23,37,normal
47.266693,1900,5,0,0,0,0,0,0,0,0,0,0,0,0,1,1,24,38,normal
50.267267,1900,5,0,0,0,0,0,0,0,0,0,0,0,0,2,2,25,39,normal
53.272105,1900,5,0,0,0,0,0,0,0,0,0,0,0,0,3,3,26,40,normal
0.000000,1900,0,0,0,0,0,0,0,0,0,0,0,0,0,0,0,27,41,normal
0.311488,1900,5,0,0,0,0,0,0,0,0,0,0,0,0,1,1,28,42,normal
0.717094,1900,5,0,0,0,0,0,0,0,0,0,0,0,0,2,2,29,43,normal
56.272868,1900,5,0,0,0,0,0,0,0,0,0,0,0,0,0,0,30,44,normal
59.273125,1900,5,0,0,0,0,0,0,0,0,0,0,0,0,1,1,31,45,normal
0.000000,137,5,0,0,0,0,0,0,0,0,0,0,0,0,0,0,0,0,normal
0.000000,138,0,0,0,0,0,0,0,0,0,0,0,0,0,1,0,1,0,normal
0.000000,137,0,0,0,1,0,0,0,0,0,0,0,0,0,2,1,2,1,normal
0.000000,138,0,0,0,1,0,0,0,0,0,0,0,0,0,3,1,3,1,normal
0.000000,137,0,0,0,0,0,0,0,0,0,0,0,0,0,0,2,0,2,normal
0.000000,137,5,0,0,0,0,0,0,0,0,0,0,0,0,0,3,0,3,normal
0.000000,1900,0,0,0,0,0,0,0,0,0,0,0,0,0,0,0,32,46,normal
0.307196,1900,5,0,0,0,0,0,0,0,0,0,0,0,0,1,1,33,47,normal
0.614389,1900,5,0,0,0,0,0,0,0,0,0,0,0,0,2,2,34,48,normal
71.078331,1900,5,0,0,0,0,0,0,0,0,0,0,0,0,0,0,35,49,normal
74.080139,1900,5,0,0,0,0,0,0,0,0,0,0,0,0,1,1,36,50,normal
0.000000,1900,0,0,0,0,0,0,0,0,0,0,0,0,0,0,0,37,51,normal
0.306132,1900,5,0,0,0,0,0,0,0,0,0,0,0,0,1,1,38,52,normal
0.613253,1900,5,0,0,0,0,0,0,0,0,0,0,0,0,2,2,39,53,normal
77.080397,1900,5,0,0,0,0,0,0,0,0,0,0,0,0,0,0,40,54,normal
80.086974,1900,5,0,0,0,0,0,0,0,0,0,0,0,0,1,1,41,55,normal
83.087841,1900,5,0,0,0,0,0,0,0,0,0,0,0,0,2,2,42,56,normal
0.000000,1900,0,0,0,0,0,0,0,0,0,0,0,0,0,0,0,43,57,normal
86.088244,1900,5,0,0,0,0,0,0,0,0,0,0,0,0,3,3,44,58,normal
0.212885,1900,5,0,0,0,0,0,0,0,0,0,0,0,0,1,1,45,59,normal
0.512132,1900,5,0,0,0,0,0,0,0,0,0,0,0,0,2,2,46,60,normal
0.000000,123,0,0,0,1,0,0,0,0,0,0,0,0,0,0,0,0,0,normal
0.374483,123,0,0,0,0,0,0,0,0,0,0,0,0,0,1,1,1,1,normal
0.000000,1900,0,0,0,0,0,0,0,0,0,0,0,0,0,0,0,47,61,normal
0.000000,1900,0,0,0,0,0,0,0,0,0,0,0,0,0,1,1,48,62,normal
0.107989,1900,5,0,0,0,0,0,0,0,0,0,0,0,0,2,2,49,63,normal
0.115146,1900,5,0,0,0,0,0,0,0,0,0,0,0,0,3,3,50,64,normal
0.222505,1900,5,0,0,0,0,0,0,0,0,0,0,0,0,4,4,51,65,normal
0.404318,1900,5,0,0,0,0,0,0,0,0,0,0,0,0,5,5,52,66,normal
0.514392,1900,5,0,0,0,0,0,0,0,0,0,0,0,0,6,6,53,67,normal
0.000000,5353,5,0,0,0,0,0,0,0,0,0,0,0,0,0,0,1,2,normal
0.000000,5353,5,0,0,0,0,0,0,0,0,0,0,0,0,0,1,1,3,normal
6.441429,1900,5,0,0,0,0,0,0,0,0,0,0,0,0,0,0,54,68,normal
6.647992,1900,5,0,0,0,0,0,0,0,0,0,0,0,0,1,1,55,69,normal
6.651151,1900,5,0,0,0,0,0,0,0,0,0,0,0,0,2,2,56,70,normal
7.363023,1900,5,0,0,0,0,0,0,0,0,0,0,0,0,3,3,57,71,normal
0.000000,1900,0,0,0,0,0,0,0,0,0,0,0,0,0,0,0,58,72,normal
0.314368,1900,5,0,0,0,0,0,0,0,0,0,0,0,0,1,1,59,73,normal
0.615373,1900,5,0,0,0,0,0,0,0,0,0,0,0,0,2,2,60,74,normal
0.000000,5353,0,0,0,1,0,0,0,0,0,0,0,0,0,0,0,2,4,normal
0.000000,5353,0,0,0,1,0,0,0,0,0,0,0,0,0,0,1,2,5,normal
0.000000,1900,0,0,0,0,0,0,0,0,0,0,0,0,0,0,0,61,75,normal
0.204877,1900,5,0,0,0,0,0,0,0,0,0,0,0,0,1,1,62,76,normal
0.514330,1900,5,0,0,0,0,0,0,0,0,0,0,0,0,2,2,63,77,normal
0.000000,1900,0,0,0,0,0,0,0,0,0,0,0,0,0,0,0,64,78,normal
0.297678,1900,5,0,0,0,0,0,0,0,0,0,0,0,0,1,1,64,78,normal
0.604464,1900,5,0,0,0,0,0,0,0,0,0,0,0,0,2,2,65,79,normal
130.815238,1900,5,0,0,0,0,0,0,0,0,0,0,0,0,0,0,66,80,normal
133.815597,1900,5,0,0,0,0,0,0,0,0,0,0,0,0,1,1,66,81,normal
0.000000,1900,0,0,0,0,0,0,0,0,0,0,0,0,0,0,0,67,82,normal
0.210184,1900,5,0,0,0,0,0,0,0,0,0,0,0,0,1,1,67,83,normal
0.409421,1900,5,0,0,0,0,0,0,0,0,0,0,0,0,2,2,68,84,normal
136.814428,1900,5,0,0,0,0,0,0,0,0,0,0,0,0,0,0,68,85,normal
139.818486,1900,5,0,0,0,0,0,0,0,0,0,0,0,0,1,1,69,86,normal
142.818569,1900,5,0,0,0,0,0,0,0,0,0,0,0,0,2,2,69,87,normal
145.818538,1900,5,0,0,0,0,0,0,0,0,0,0,0,0,3,3,70,88,normal
0.000000,1900,0,0,0,0,0,0,0,0,0,0,0,0,0,0,0,70,88,normal
0.205300,1900,5,0,0,0,0,0,0,0,0,0,0,0,0,1,1,71,88,normal
0.512839,1900,5,0,0,0,0,0,0,0,0,0,0,0,0,2,2,71,88,normal
56.497002,1900,5,0,0,0,0,0,0,0,0,0,0,0,0,0,0,72,88,normal
56.500260,1900,5,0,0,0,0,0,0,0,0,0,0,0,0,1,1,72,88,normal
56.503721,1900,5,0,0,0,0,0,0,0,0,0,0,0,0,2,2,73,88,normal
56.507689,1900,5,0,0,0,0,0,0,0,0,0,0,0,0,3,3,73,88,normal
56.511559,1900,5,0,0,0,0,0,0,0,0,0,0,0,0,4,4,74,88,normal
56.515476,1900,5,0,0,0,0,0,0,0,0,0,0,0,0,5,5,74,88,normal
56.518897,1900,5,0,0,0,0,0,0,0,0,0,0,0,0,6,6,75,88,normal
56.522372,1900,5,0,0,0,0,0,0,0,0,0,0,0,0,7,7,75,88,normal
56.525799,1900,5,0,0,0,0,0,0,0,0,0,0,0,0,8,8,76,88,normal
56.529618,1900,5,0,0,0,0,0,0,0,0,0,0,0,0,9,9,76,88,normal
56.533398,1900,5,0,0,0,0,0,0,0,0,0,0,0,0,10,10,77,88,normal
56.537397,1900,5,0,0,0,0,0,0,0,0,0,0,0,0,11,11,77,88,normal
56.597166,1900,5,0,0,0,0,0,0,0,0,0,0,0,0,12,12,78,88,normal
56.600794,1900,5,0,0,0,0,0,0,0,0,0,0,0,0,13,13,78,88,normal
56.604521,1900,5,0,0,0,0,0,0,0,0,0,0,0,0,14,14,79,88,normal
56.607962,1900,5,0,0,0,0,0,0,0,0,0,0,0,0,15,15,79,88,normal
56.613251,1900,5,0,0,0,0,0,0,0,0,0,0,0,0,16,16,80,88,normal
56.617429,1900,5,0,0,0,0,0,0,0,0,0,0,0,0,17,17,80,88,normal
56.621780,1900,5,0,0,0,0,0,0,0,0,0,0,0,0,18,18,81,88,normal
56.625748,1900,5,0,0,0,0,0,0,0,0,0,0,0,0,19,19,81,88,normal
56.629636,1900,5,0,0,0,0,0,0,0,0,0,0,0,0,20,20,82,88,normal
56.633808,1900,5,0,0,0,0,0,0,0,0,0,0,0,0,21,21,82,88,normal
56.640183,1900,5,0,0,0,0,0,0,0,0,0,0,0,0,22,22,83,88,normal
56.644022,1900,5,0,0,0,0,0,0,0,0,0,0,0,0,23,23,83,88,normal
56.647345,1900,5,0,0,0,0,0,0,0,0,0,0,0,0,24,24,84,88,normal
56.654459,1900,5,0,0,0,0,0,0,0,0,0,0,0,0,25,25,84,88,normal
56.657909,1900,5,0,0,0,0,0,0,0,0,0,0,0,0,26,26,85,88,normal
56.661828,1900,5,0,0,0,0,0,0,0,0,0,0,0,0,27,27,85,88,normal
56.668686,1900,5,0,0,0,0,0,0,0,0,0,0,0,0,28,28,86,88,normal
56.672517,1900,5,0,0,0,0,0,0,0,0,0,0,0,0,29,29,86,88,normal
56.677796,1900,5,0,0,0,0,0,0,0,0,0,0,0,0,30,30,87,88,normal
56.682228,1900,5,0,0,0,0,0,0,0,0,0,0,0,0,31,31,87,88,normal
56.685772,1900,5,0,0,0,0,0,0,0,0,0,0,0,0,32,32,88,88,normal
56.693535,1900,5,0,0,0,0,0,0,0,0,0,0,0,0,33,33,88,88,normal
56.699666,1900,5,0,0,0,0,0,0,0,0,0,0,0,0,34,34,88,88,normal
56.703431,1900,5,0,0,0,0,0,0,0,0,0,0,0,0,35,35,88,88,normal
56.707070,1900,5,0,0,0,0,0,0,0,0,0,0,0,0,36,36,88,88,normal
56.710448,1900,5,0,0,0,0,0,0,0,0,0,0,0,0,37,37,88,88,normal
56.716062,1900,5,0,0,0,0,0,0,0,0,0,0,0,0,38,38,88,88,normal
56.722009,1900,5,0,0,0,0,0,0,0,0,0,0,0,0,39,39,88,88,normal
56.725870,1900,5,0,0,0,0,0,0,0,0,0,0,0,0,40,40,88,88,normal
56.730073,1900,5,0,0,0,0,0,0,0,0,0,0,0,0,41,41,88,88,normal
0.000000,1900,0,0,0,0,0,0,0,0,0,0,0,0,0,0,0,89,89,normal
0.306649,1900,5,0,0,0,0,0,0,0,0,0,0,0,0,1,1,90,90,normal
0.613929,1900,5,0,0,0,0,0,0,0,0,0,0,0,0,2,2,91,91,normal
0.000000,1900,0,0,0,0,0,0,0,0,0,0,0,0,0,0,0,92,92,normal
0.307915,1900,5,0,0,0,0,0,0,0,0,0,0,0,0,1,1,93,93,normal
0.612641,1900,5,0,0,0,0,0,0,0,0,0,0,0,0,2,2,94,94,normal
0.000000,1900,0,0,0,0,0,0,0,0,0,0,0,0,0,0,0,94,94,normal
0.306339,1900,5,0,0,0,0,0,0,0,0,0,0,0,0,1,1,94,94,normal
0.611712,1900,5,0,0,0,0,0,0,0,0,0,0,0,0,2,2,94,94,normal
0.000000,1900,0,0,0,0,0,0,0,0,0,0,0,0,0,0,0,94,94,normal
0.306756,1900,5,0,0,0,0,0,0,0,0,0,0,0,0,1,1,94,94,normal
0.613852,1900,5,0,0,0,0,0,0,0,0,0,0,0,0,2,2,94,94,normal
0.000000,1900,0,0,0,0,0,0,0,0,0,0,0,0,0,0,0,94,94,normal
0.304951,1900,5,0,0,0,0,0,0,0,0,0,0,0,0,1,1,94,94,normal
0.612087,1900,5,0,0,0,0,0,0,0,0,0,0,0,0,2,2,94,94,normal
0.000000,1900,0,0,0,0,0,0,0,0,0,0,0,0,0,0,0,94,94,normal
0.308233,1900,5,0,0,0,0,0,0,0,0,0,0,0,0,1,1,94,94,normal
0.614274,1900,5,0,0,0,0,0,0,0,0,0,0,0,0,2,2,94,94,normal
0.000000,1900,0,0,0,0,0,0,0,0,0,0,0,0,0,0,0,94,94,normal
0.307855,1900,5,0,0,0,0,0,0,0,0,0,0,0,0,1,1,94,94,normal
0.615377,1900,5,0,0,0,0,0,0,0,0,0,0,0,0,2,2,94,94,normal
0.000000,1900,0,0,0,0,0,0,0,0,0,0,0,0,0,0,0,95,95,normal
0.308029,1900,5,0,0,0,0,0,0,0,0,0,0,0,0,1,1,96,96,normal
0.608989,1900,5,0,0,0,0,0,0,0,0,0,0,0,0,2,2,96,96,normal
0.000000,1900,0,0,0,0,0,0,0,0,0,0,0,0,0,0,0,96,96,normal
0.307507,1900,5,0,0,0,0,0,0,0,0,0,0,0,0,1,1,96,96,normal
0.616657,1900,5,0,0,0,0,0,0,0,0,0,0,0,0,2,2,96,96,normal
0.000000,1900,0,0,0,0,0,0,0,0,0,0,0,0,0,0,0,96,96,normal
0.306928,1900,5,0,0,0,0,0,0,0,0,0,0,0,0,1,1,96,96,normal
0.616445,1900,5,0,0,0,0,0,0,0,0,0,0,0,0,2,2,96,96,normal
0.000000,1900,0,0,0,0,0,0,0,0,0,0,0,0,0,0,0,97,97,normal
0.317108,1900,5,0,0,0,0,0,0,0,0,0,0,0,0,1,1,98,98,normal
0.614835,1900,5,0,0,0,0,0,0,0,0,0,0,0,0,2,2,98,98,normal
0.000000,1900,0,0,0,0,0,0,0,0,0,0,0,0,0,0,0,98,98,normal
0.195294,1900,5,0,0,0,0,0,0,0,0,0,0,0,0,1,1,98,98,normal
0.604750,1900,5,0,0,0,0,0,0,0,0,0,0,0,0,2,2,98,98,normal
0.000000,138,0,0,0,0,0,0,0,0,0,0,0,0,0,0,0,0,0,normal
0.000000,1900,0,0,0,0,0,0,0,0,0,0,0,0,0,0,0,97,97,normal
0.307945,1900,5,0,0,0,0,0,0,0,0,0,0,0,0,1,1,97,97,normal
0.614317,1900,5,0,0,0,0,0,0,0,0,0,0,0,0,2,2,98,98,normal
0.000000,547,0,0,0,0,0,0,0,0,0,0,0,0,0,0,0,0,0,normal
1.000277,547,5,0,0,0,0,0,0,0,0,0,0,0,0,1,1,1,1,normal
3.000068,547,5,0,0,0,0,0,0,0,0,0,0,0,0,2,2,2,2,normal
0.000000,1900,0,0,0,0,0,0,0,0,0,0,0,0,0,0,0,96,96,normal
0.307742,1900,5,0,0,0,0,0,0,0,0,0,0,0,0,1,1,96,96,normal
0.613856,1900,5,0,0,0,0,0,0,0,0,0,0,0,0,2,2,96,96,normal
6.999597,547,5,0,0,0,0,0,0,0,0,0,0,0,0,0,0,3,3,normal
14.998759,547,5,0,0,0,0,0,0,0,0,0,0,0,0,1,1,4,4,normal
0.000000,1900,0,0,0,0,0,0,0,0,0,0,0,0,0,0,0,94,94,normal
0.204681,1900,5,0,0,0,0,0,0,0,0,0,0,0,0,1,1,94,94,normal
0.512541,1900,5,0,0,0,0,0,0,0,0,0,0,0,0,2,2,94,94,normal
0.000000,1900,0,0,0,0,0,0,0,0,0,0,0,0,0,0,0,94,94,normal
0.306260,1900,5,0,0,0,0,0,0,0,0,0,0,0,0,1,1,94,94,normal
0.627584,1900,5,0,0,0,0,0,0,0,0,0,0,0,0,2,2,94,94,normal
30.996657,547,5,0,0,0,0,0,0,0,0,0,0,0,0,0,0,5,5,normal
62.993827,547,5,0,0,0,0,0,0,0,0,0,0,0,0,1,1,6,6,normal
0.000000,137,5,0,0,0,0,0,0,0,0,0,0,0,0,0,0,1,0,normal
2.001880,137,5,0,0,0,0,0,0,0,0,0,0,0,0,1,1,2,1,normal
0.000000,137,0,0,0,1,0,0,0,0,0,0,0,0,0,2,2,3,2,normal
2.002087,137,5,0,0,0,0,0,0,0,0,0,0,0,0,2,2,4,3,normal
0.000000,137,0,0,0,0,0,0,0,0,0,0,0,0,0,0,4,0,4,normal
0.000000,137,5,0,0,0,0,0,0,0,0,0,0,0,0,0,5,0,5,normal
0.000000,1900,0,0,0,0,0,0,0,0,0,0,0,0,0,0,0,86,86,normal
3.000823,1900,5,0,0,0,0,0,0,0,0,0,0,0,0,1,1,86,86,normal
6.000998,1900,5,0,0,0,0,0,0,0,0,0,0,0,0,2,2,86,86,normal
9.006423,1900,5,0,0,0,0,0,0,0,0,0,0,0,0,3,3,86,86,normal
12.007095,1900,5,0,0,0,0,0,0,0,0,0,0,0,0,4,4,86,86,normal
15.007449,1900,5,0,0,0,0,0,0,0,0,0,0,0,0,5,5,86,86,normal
0.000000,5353,0,0,0,1,0,0,0,0,0,0,0,0,0,0,0,0,0,normal
0.000000,5353,0,0,0,1,0,0,0,0,0,0,0,0,0,0,1,0,1,normal
0.000000,1900,0,0,0,0,0,0,0,0,0,0,0,0,0,0,0,84,84,normal
0.299559,1900,5,0,0,0,0,0,0,0,0,0,0,0,0,1,1,84,84,normal
0.603643,1900,5,0,0,0,0,0,0,0,0,0,0,0,0,2,2,84,84,normal
0.000000,1900,0,0,0,0,0,0,0,0,0,0,0,0,0,0,0,84,84,normal
0.305432,1900,5,0,0,0,0,0,0,0,0,0,0,0,0,1,1,84,84,normal
0.613667,1900,5,0,0,0,0,0,0,0,0,0,0,0,0,2,2,84,84,normal
0.000000,138,0,0,0,0,0,0,0,0,0,0,0,0,0,0,0,5,1,normal
0.000000,138,0,0,0,1,0,0,0,0,0,0,0,0,0,1,1,6,2,normal
61.583730,1900,5,0,0,0,0,0,0,0,0,0,0,0,0,0,0,82,82,normal
64.585040,1900,5,0,0,0,0,0,0,0,0,0,0,0,0,1,1,82,82,normal
67.585225,1900,5,0,0,0,0,0,0,0,0,0,0,0,0,2,2,82,82,normal
70.590680,1900,5,0,0,0,0,0,0,0,0,0,0,0,0,3,3,82,82,normal
73.590823,1900,5,0,0,0,0,0,0,0,0,0,0,0,0,4,4,82,82,normal
76.591494,1900,5,0,0,0,0,0,0,0,0,0,0,0,0,5,5,82,82,normal
0.000000,1900,0,0,0,0,0,0,0,0,0,0,0,0,0,0,0,82,82,normal
0.000000,1900,0,0,0,0,0,0,0,0,0,0,0,0,0,0,1,0,82,normal
0.203798,1900,5,0,0,0,0,0,0,0,0,0,0,0,0,1,2,81,82,normal
0.203703,1900,5,0,0,0,0,0,0,0,0,0,0,0,0,1,3,1,82,normal
0.213864,1900,5,0,0,0,0,0,0,0,0,0,0,0,0,2,4,80,82,normal
0.218306,1900,5,0,0,0,0,0,0,0,0,0,0,0,0,2,5,2,82,normal
0.406484,1900,5,0,0,0,0,0,0,0,0,0,0,0,0,3,6,79,82,normal
0.405784,1900,5,0,0,0,0,0,0,0,0,0,0,0,0,3,7,3,82,normal
1.023267,1900,5,0,0,0,0,0,0,0,0,0,0,0,0,4,8,78,82,normal
1.055516,1900,5,0,0,0,0,0,0,0,0,0,0,0,0,4,9,4,82,normal
2.363050,1900,5,0,0,0,0,0,0,0,0,0,0,0,0,5,10,77,82,normal
2.362776,1900,5,0,0,0,0,0,0,0,0,0,0,0,0,5,11,5,82,normal
2.968175,1900,5,0,0,0,0,0,0,0,0,0,0,0,0,6,12,76,82,normal
2.968061,1900,5,0,0,0,0,0,0,0,0,0,0,0,0,6,13,6,82,normal
3.173967,1900,5,0,0,0,0,0,0,0,0,0,0,0,0,7,14,75,82,normal
3.173859,1900,5,0,0,0,0,0,0,0,0,0,0,0,0,7,15,7,82,normal
3.274796,1900,5,0,0,0,0,0,0,0,0,0,0,0,0,8,16,74,82,normal
3.274816,1900,5,0,0,0,0,0,0,0,0,0,0,0,0,8,17,8,82,normal
3.481777,1900,5,0,0,0,0,0,0,0,0,0,0,0,0,9,18,73,82,normal
3.481191,1900,5,0,0,0,0,0,0,0,0,0,0,0,0,9,19,9,82,normal
3.990276,1900,5,0,0,0,0,0,0,0,0,0,0,0,0,10,20,72,82,normal
3.989553,1900,5,0,0,0,0,0,0,0,0,0,0,0,0,10,21,10,82,normal
5.322972,1900,5,0,0,0,0,0,0,0,0,0,0,0,0,11,22,71,82,normal
5.322823,1900,5,0,0,0,0,0,0,0,0,0,0,0,0,11,23,11,82,normal
6.040021,1900,5,0,0,0,0,0,0,0,0,0,0,0,0,12,24,70,82,normal
6.040043,1900,5,0,0,0,0,0,0,0,0,0,0,0,0,12,25,12,82,normal
6.141896,1900,5,0,0,0,0,0,0,0,0,0,0,0,0,13,26,69,82,normal
6.141898,1900,5,0,0,0,0,0,0,0,0,0,0,0,0,13,27,13,82,normal
6.245575,1900,5,0,0,0,0,0,0,0,0,0,0,0,0,14,28,68,82,normal
6.245470,1900,5,0,0,0,0,0,0,0,0,0,0,0,0,14,29,14,82,normal
6.450010,1900,5,0,0,0,0,0,0,0,0,0,0,0,0,15,30,67,82,normal
6.450489,1900,5,0,0,0,0,0,0,0,0,0,0,0,0,15,31,15,82,normal
7.063595,1900,5,0,0,0,0,0,0,0,0,0,0,0,0,16,32,66,82,normal
7.064424,1900,5,0,0,0,0,0,0,0,0,0,0,0,0,16,33,16,82,normal
8.292277,1900,5,0,0,0,0,0,0,0,0,0,0,0,0,17,34,65,82,normal
8.292121,1900,5,0,0,0,0,0,0,0,0,0,0,0,0,17,35,17,82,normal
114.454364,1900,5,0,0,0,0,0,0,0,0,0,0,0,0,0,0,64,82,normal
117.454742,1900,5,0,0,0,0,0,0,0,0,0,0,0,0,1,1,64,82,normal
120.454557,1900,5,0,0,0,0,0,0,0,0,0,0,0,0,2,2,64,82,normal
123.459018,1900,5,0,0,0,0,0,0,0,0,0,0,0,0,3,3,64,82,normal
126.459831,1900,5,0,0,0,0,0,0,0,0,0,0,0,0,4,4,64,82,normal
0.000000,138,0,0,0,0,0,0,0,0,0,0,0,0,0,0,0,7,3,normal
129.459795,1900,5,0,0,0,0,0,0,0,0,0,0,0,0,5,5,63,81,normal
0.000000,5353,5,0,0,0,0,0,0,0,0,0,0,0,0,0,0,1,2,normal
0.000000,5353,5,0,0,0,0,0,0,0,0,0,0,0,0,0,1,1,3,normal
175.207026,1900,5,0,0,0,0,0,0,0,0,0,0,0,0,0,0,61,79,normal
178.207416,1900,5,0,0,0,0,0,0,0,0,0,0,0,0,1,1,61,79,normal
181.208061,1900,5,0,0,0,0,0,0,0,0,0,0,0,0,2,2,61,79,normal
184.213581,1900,5,0,0,0,0,0,0,0,0,0,0,0,0,3,3,61,79,normal
187.214842,1900,5,0,0,0,0,0,0,0,0,0,0,0,0,4,4,61,79,normal
190.215639,1900,5,0,0,0,0,0,0,0,0,0,0,0,0,5,5,61,79,normal
0.000000,123,0,0,0,1,0,0,0,0,0,0,0,0,0,0,0,0,0,normal
0.357772,123,0,0,0,0,0,0,0,0,0,0,0,0,0,1,1,1,1,normal
0.000000,3702,0,0,0,0,0,0,0,0,0,0,0,0,0,0,0,60,0,normal
0.000000,3702,0,0,0,0,0,0,0,0,0,0,0,0,0,0,1,18,1,normal
0.103555,3702,5,0,0,0,0,0,0,0,0,0,0,0,0,1,2,59,2,normal
0.223936,3702,5,0,0,0,0,0,0,0,0,0,0,0,0,1,3,19,3,normal
0.308495,3702,5,0,0,0,0,0,0,0,0,0,0,0,0,2,4,59,4,normal
0.668307,3702,5,0,0,0,0,0,0,0,0,0,0,0,0,2,5,20,5,normal
0.716466,3702,5,0,0,0,0,0,0,0,0,0,0,0,0,3,6,60,6,normal
1.118404,3702,5,0,0,0,0,0,0,0,0,0,0,0,0,3,7,21,7,normal
0.000000,138,0,0,0,0,0,0,0,0,0,0,0,0,0,0,0,7,3,normal
0.000000,137,5,0,0,0,0,0,0,0,0,0,0,0,0,0,0,8,6,normal
0.000000,137,0,0,0,1,0,0,0,0,0,0,0,0,0,0,0,9,7,normal
0.000000,137,0,0,0,0,0,0,0,0,0,0,0,0,0,0,1,1,8,normal
0.000000,137,5,0,0,0,0,0,0,0,0,0,0,0,0,0,2,1,9,normal
0.000000,547,0,0,0,0,0,0,0,0,0,0,0,0,0,0,0,2,2,normal
0.999591,547,5,0,0,0,0,0,0,0,0,0,0,0,0,1,1,3,3,normal
2.999951,547,5,0,0,0,0,0,0,0,0,0,0,0,0,2,2,4,4,normal
7.000008,547,5,0,0,0,0,0,0,0,0,0,0,0,0,3,3,5,5,normal
14.999962,547,5,0,0,0,0,0,0,0,0,0,0,0,0,4,4,6,6,normal
30.999965,547,5,0,0,0,0,0,0,0,0,0,0,0,0,5,5,6,6,normal
62.998685,547,5,0,0,0,0,0,0,0,0,0,0,0,0,6,6,6,6,normal
0.000000,1900,0,0,0,0,0,0,0,0,0,0,0,0,0,0,0,52,66,normal
3.000507,1900,5,0,0,0,0,0,0,0,0,0,0,0,0,1,1,53,67,normal
6.000430,1900,5,0,0,0,0,0,0,0,0,0,0,0,0,2,2,54,68,normal
9.005860,1900,5,0,0,0,0,0,0,0,0,0,0,0,0,3,3,55,69,normal
12.006546,1900,5,0,0,0,0,0,0,0,0,0,0,0,0,4,4,56,70,normal
15.007103,1900,5,0,0,0,0,0,0,0,0,0,0,0,0,5,5,57,71,normal
0.000000,138,0,0,0,0,0,0,0,0,0,0,0,0,0,0,0,6,4,normal
0.000000,138,0,0,0,1,0,0,0,0,0,0,0,0,0,1,1,7,5,normal
60.741245,1900,5,0,0,0,0,0,0,0,0,0,0,0,0,0,0,55,69,normal
63.742227,1900,5,0,0,0,0,0,0,0,0,0,0,0,0,1,1,55,69,normal
0.000000,138,0,0,0,0,0,0,0,0,0,0,0,0,0,0,0,8,6,normal
66.742649,1900,5,0,0,0,0,0,0,0,0,0,0,0,0,2,2,54,68,normal
69.748122,1900,5,0,0,0,0,0,0,0,0,0,0,0,0,3,3,55,69,normal
72.748841,1900,5,0,0,0,0,0,0,0,0,0,0,0,0,4,4,56,70,normal
75.749163,1900,5,0,0,0,0,0,0,0,0,0,0,0,0,5,5,56,70,normal
0.000000,1900,0,0,0,0,0,0,0,0,0,0,0,0,0,0,0,56,70,normal
0.102748,1900,5,0,0,0,0,0,0,0,0,0,0,0,0,1,1,56,70,normal
0.109339,1900,5,0,0,0,0,0,0,0,0,0,0,0,0,2,2,56,70,normal
0.206893,1900,5,0,0,0,0,0,0,0,0,0,0,0,0,3,3,56,70,normal
0.000000,1900,0,0,0,0,0,0,0,0,0,0,0,0,0,0,0,56,70,normal
0.000000,1900,0,0,0,0,0,0,0,0,0,0,0,0,0,0,1,22,71,normal
0.207151,1900,5,0,0,0,0,0,0,0,0,0,0,0,0,1,2,57,72,normal
0.205099,1900,5,0,0,0,0,0,0,0,0,0,0,0,0,1,3,23,72,normal
0.308279,1900,5,0,0,0,0,0,0,0,0,0,0,0,0,2,4,56,72,normal
0.305174,1900,5,0,0,0,0,0,0,0,0,0,0,0,0,2,5,24,72,normal
0.409516,1900,5,0,0,0,0,0,0,0,0,0,0,0,0,3,6,55,72,normal
0.412195,1900,5,0,0,0,0,0,0,0,0,0,0,0,0,3,7,25,72,normal
1.023340,1900,5,0,0,0,0,0,0,0,0,0,0,0,0,4,8,54,72,normal
1.019285,1900,5,0,0,0,0,0,0,0,0,0,0,0,0,4,9,26,72,normal
6.451024,1900,5,0,0,0,0,0,0,0,0,0,0,0,0,0,0,54,72,normal
6.568855,1900,5,0,0,0,0,0,0,0,0,0,0,0,0,1,1,54,72,normal
2.362088,1900,5,0,0,0,0,0,0,0,0,0,0,0,0,0,0,55,72,normal
2.357584,1900,5,0,0,0,0,0,0,0,0,0,0,0,0,0,1,25,72,normal
7.271091,1900,5,0,0,0,0,0,0,0,0,0,0,0,0,0,0,55,72,normal
7.278283,1900,5,0,0,0,0,0,0,0,0,0,0,0,0,1,1,55,72,normal
2.970038,1900,5,0,0,0,0,0,0,0,0,0,0,0,0,0,0,56,72,normal
2.970700,1900,5,0,0,0,0,0,0,0,0,0,0,0,0,0,1,24,72,normal
3.174687,1900,5,0,0,0,0,0,0,0,0,0,0,0,0,1,2,56,72,normal
3.173874,1900,5,0,0,0,0,0,0,0,0,0,0,0,0,1,3,24,72,normal
3.287916,1900,5,0,0,0,0,0,0,0,0,0,0,0,0,2,4,56,72,normal
3.285575,1900,5,0,0,0,0,0,0,0,0,0,0,0,0,2,5,24,72,normal
3.480851,1900,5,0,0,0,0,0,0,0,0,0,0,0,0,3,6,56,72,normal
3.481684,1900,5,0,0,0,0,0,0,0,0,0,0,0,0,3,7,24,72,normal
3.992815,1900,5,0,0,0,0,0,0,0,0,0,0,0,0,4,8,56,72,normal
3.996422,1900,5,0,0,0,0,0,0,0,0,0,0,0,0,4,9,24,72,normal
5.326426,1900,5,0,0,0,0,0,0,0,0,0,0,0,0,5,10,56,72,normal
5.321952,1900,5,0,0,0,0,0,0,0,0,0,0,0,0,5,11,24,72,normal
6.047471,1900,5,0,0,0,0,0,0,0,0,0,0,0,0,6,12,56,72,normal
6.043348,1900,5,0,0,0,0,0,0,0,0,0,0,0,0,6,13,24,72,normal
6.143533,1900,5,0,0,0,0,0,0,0,0,0,0,0,0,7,14,56,72,normal
6.140474,1900,5,0,0,0,0,0,0,0,0,0,0,0,0,7,15,24,72,normal
6.245866,1900,5,0,0,0,0,0,0,0,0,0,0,0,0,8,16,56,72,normal
6.249016,1900,5,0,0,0,0,0,0,0,0,0,0,0,0,8,17,24,72,normal
6.450079,1900,5,0,0,0,0,0,0,0,0,0,0,0,0,9,18,56,72,normal
6.448627,1900,5,0,0,0,0,0,0,0,0,0,0,0,0,9,19,24,72,normal
7.064778,1900,5,0,0,0,0,0,0,0,0,0,0,0,0,10,20,56,72,normal
7.062416,1900,5,0,0,0,0,0,0,0,0,0,0,0,0,10,21,24,72,normal
8.293583,1900,5,0,0,0,0,0,0,0,0,0,0,0,0,11,22,56,72,normal
8.291582,1900,5,0,0,0,0,0,0,0,0,0,0,0,0,11,23,24,72,normal
113.166747,1900,5,0,0,0,0,0,0,0,0,0,0,0,0,0,0,56,72,normal
116.167136,1900,5,0,0,0,0,0,0,0,0,0,0,0,0,1,1,56,72,normal
119.167799,1900,5,0,0,0,0,0,0,0,0,0,0,0,0,2,2,57,72,normal
122.172830,1900,5,0,0,0,0,0,0,0,0,0,0,0,0,3,3,57,72,normal
125.173377,1900,5,0,0,0,0,0,0,0,0,0,0,0,0,4,4,58,72,normal
128.173958,1900,5,0,0,0,0,0,0,0,0,0,0,0,0,5,5,58,72,normal
0.000000,137,5,0,0,0,0,0,0,0,0,0,0,0,0,0,0,7,4,normal
0.000000,137,0,0,0,1,0,0,0,0,0,0,0,0,0,1,1,8,5,normal
0.000000,137,0,0,0,0,0,0,0,0,0,0,0,0,0,0,2,1,6,normal
0.000000,137,5,0,0,0,0,0,0,0,0,0,0,0,0,0,3,1,7,normal
174.712343,1900,5,0,0,0,0,0,0,0,0,0,0,0,0,0,0,55,69,normal
177.713215,1900,5,0,0,0,0,0,0,0,0,0,0,0,0,1,1,55,69,normal
180.713062,1900,5,0,0,0,0,0,0,0,0,0,0,0,0,2,2,56,70,normal
183.718166,1900,5,0,0,0,0,0,0,0,0,0,0,0,0,3,3,57,71,normal
0.000000,1900,0,0,0,0,0,0,0,0,0,0,0,0,0,0,0,57,71,normal
0.407643,1900,5,0,0,0,0,0,0,0,0,0,0,0,0,1,1,57,71,normal
0.717191,1900,5,0,0,0,0,0,0,0,0,0,0,0,0,2,2,57,71,normal
0.000000,138,0,0,0,0,0,0,0,0,0,0,0,0,0,0,0,8,4,normal
186.718989,1900,5,0,0,0,0,0,0,0,0,0,0,0,0,0,0,56,70,normal
189.719201,1900,5,0,0,0,0,0,0,0,0,0,0,0,0,1,1,56,70,normal
0.000000,1900,0,0,0,0,0,0,0,0,0,0,0,0,0,0,0,57,71,normal
0.308246,1900,5,0,0,0,0,0,0,0,0,0,0,0,0,1,1,58,72,normal
0.617766,1900,5,0,0,0,0,0,0,0,0,0,0,0,0,2,2,58,73,normal
0.000000,1900,0,0,0,0,0,0,0,0,0,0,0,0,0,0,0,59,74,normal
0.306505,1900,5,0,0,0,0,0,0,0,0,0,0,0,0,1,1,59,75,normal
0.000000,1900,0,0,0,0,0,0,0,0,0,0,0,0,0,0,0,0,0,normal
0.307421,1900,5,0,0,0,0,0,0,0,0,0,0,0,0,1,1,1,1,normal
0.000000,5353,0,0,0,1,0,0,0,0,0,0,0,0,0,0,0,0,0,normal
0.000000,5353,0,0,0,1,0,0,0,0,0,0,0,0,0,0,1,0,1,normal
0.617492,1900,5,0,0,0,0,0,0,0,0,0,0,0,0,2,2,2,2,normal
0.000000,1900,0,0,0,0,0,0,0,0,0,0,0,0,0,0,0,3,3,normal
0.408678,1900,5,0,0,0,0,0,0,0,0,0,0,0,0,1,1,4,4,normal
0.610779,1900,5,0,0,0,0,0,0,0,0,0,0,0,0,2,2,5,5,normal
0.000000,547,0,0,0,0,0,0,0,0,0,0,0,0,0,0,0,0,0,normal
0.000000,1900,0,0,0,0,0,0,0,0,0,0,0,0,0,0,0,6,6,normal
0.000000,1900,0,0,0,0,0,0,0,0,0,0,0,0,0,1,1,7,7,normal
0.307297,1900,5,0,0,0,0,0,0,0,0,0,0,0,0,2,2,8,8,normal
0.612459,1900,5,0,0,0,0,0,0,0,0,0,0,0,0,3,3,9,9,normal
3.000357,1900,5,0,0,0,0,0,0,0,0,0,0,0,0,1,1,10,10,normal
6.000915,1900,5,0,0,0,0,0,0,0,0,0,0,0,0,2,2,11,11,normal
0.000000,137,0,0,0,1,0,0,0,0,0,0,0,0,0,0,0,0,0,normal
0.000000,137,0,0,0,0,0,0,0,0,0,0,0,0,0,0,1,0,1,normal
0.000000,137,5,0,0,0,0,0,0,0,0,0,0,0,0,0,2,0,2,normal
9.005929,1900,5,0,0,0,0,0,0,0,0,0,0,0,0,0,0,12,12,normal
0.000000,1900,0,0,0,0,0,0,0,0,0,0,0,0,0,0,0,13,13,normal
12.006852,1900,5,0,0,0,0,0,0,0,0,0,0,0,0,1,1,14,14,normal
0.307706,1900,5,0,0,0,0,0,0,0,0,0,0,0,0,1,1,15,15,normal
0.613838,1900,5,0,0,0,0,0,0,0,0,0,0,0,0,2,2,16,16,normal
15.007040,1900,5,0,0,0,0,0,0,0,0,0,0,0,0,1,1,17,17,normal
0.000000,1900,0,0,0,0,0,0,0,0,0,0,0,0,0,0,0,18,18,normal
0.305997,1900,5,0,0,0,0,0,0,0,0,0,0,0,0,1,1,19,19,normal
0.613216,1900,5,0,0,0,0,0,0,0,0,0,0,0,0,2,2,20,20,normal
0.000000,1900,0,0,0,0,0,0,0,0,0,0,0,0,0,0,0,21,21,normal
0.306783,1900,5,0,0,0,0,0,0,0,0,0,0,0,0,1,1,22,22,normal
0.615973,1900,5,0,0,0,0,0,0,0,0,0,0,0,0,2,2,23,23,normal
0.000000,1900,0,0,0,0,0,0,0,0,0,0,0,0,0,0,0,24,24,normal
0.305376,1900,5,0,0,0,0,0,0,0,0,0,0,0,0,1,1,25,25,normal
0.613081,1900,5,0,0,0,0,0,0,0,0,0,0,0,0,2,2,26,26,normal
0.000000,5353,0,0,0,1,0,0,0,0,0,0,0,0,0,0,0,1,2,normal
0.000000,5353,0,0,0,1,0,0,0,0,0,0,0,0,0,0,1,1,3,normal
0.000000,138,0,0,0,0,0,0,0,0,0,0,0,0,0,0,0,1,0,normal
0.000000,1900,0,0,0,0,0,0,0,0,0,0,0,0,0,0,0,27,27,normal
0.304296,1900,5,0,0,0,0,0,0,0,0,0,0,0,0,1,1,28,28,normal
0.613884,1900,5,0,0,0,0,0,0,0,0,0,0,0,0,2,2,29,29,normal
56.799521,1900,5,0,0,0,0,0,0,0,0,0,0,0,0,0,0,30,30,normal
59.800022,1900,5,0,0,0,0,0,0,0,0,0,0,0,0,1,1,31,31,normal
0.000000,1900,0,0,0,0,0,0,0,0,0,0,0,0,0,0,0,32,32,normal
0.301865,1900,5,0,0,0,0,0,0,0,0,0,0,0,0,1,1,33,33,normal
0.609639,1900,5,0,0,0,0,0,0,0,0,0,0,0,0,2,2,34,34,normal
62.800053,1900,5,0,0,0,0,0,0,0,0,0,0,0,0,0,0,35,35,normal
65.805034,1900,5,0,0,0,0,0,0,0,0,0,0,0,0,1,1,36,36,normal
0.000000,137,5,0,0,0,0,0,0,0,0,0,0,0,0,0,0,2,3,normal
0.000000,138,0,0,0,1,0,0,0,0,0,0,0,0,0,1,0,3,1,normal
68.806136,1900,5,0,0,0,0,0,0,0,0,0,0,0,0,0,0,37,37,normal
71.807068,1900,5,0,0,0,0,0,0,0,0,0,0,0,0,1,1,38,38,normal
0.000000,1900,0,0,0,0,0,0,0,0,0,0,0,0,0,0,0,39,39,normal
0.304847,1900,5,0,0,0,0,0,0,0,0,0,0,0,0,1,1,40,40,normal
0.613230,1900,5,0,0,0,0,0,0,0,0,0,0,0,0,2,2,41,41,normal
0.000000,1900,0,0,0,0,0,0,0,0,0,0,0,0,0,0,0,42,42,normal
0.204738,1900,5,0,0,0,0,0,0,0,0,0,0,0,0,1,1,43,43,normal
0.511656,1900,5,0,0,0,0,0,0,0,0,0,0,0,0,2,2,44,44,normal
0.000000,1900,0,0,0,0,0,0,0,0,0,0,0,0,0,0,0,45,45,normal
0.306085,1900,5,0,0,0,0,0,0,0,0,0,0,0,0,1,1,46,46,normal
0.613020,1900,5,0,0,0,0,0,0,0,0,0,0,0,0,2,2,47,47,normal
0.000000,1900,0,0,0,0,0,0,0,0,0,0,0,0,0,0,0,48,48,normal
0.305199,1900,5,0,0,0,0,0,0,0,0,0,0,0,0,1,1,49,49,normal
0.612083,1900,5,0,0,0,0,0,0,0,0,0,0,0,0,2,2,50,50,normal
0.000000,1900,0,0,0,0,0,0,0,0,0,0,0,0,0,0,0,51,51,normal
0.305523,1900,5,0,0,0,0,0,0,0,0,0,0,0,0,1,1,52,52,normal
0.614095,1900,5,0,0,0,0,0,0,0,0,0,0,0,0,2,2,53,53,normal
117.466771,1900,5,0,0,0,0,0,0,0,0,0,0,0,0,0,0,54,54,normal
120.467356,1900,5,0,0,0,0,0,0,0,0,0,0,0,0,1,1,55,55,normal
0.000000,1900,0,0,0,0,0,0,0,0,0,0,0,0,0,0,0,56,56,normal
0.305487,1900,5,0,0,0,0,0,0,0,0,0,0,0,0,1,1,57,57,normal
0.613014,1900,5,0,0,0,0,0,0,0,0,0,0,0,0,2,2,58,58,normal
123.468005,1900,5,0,0,0,0,0,0,0,0,0,0,0,0,0,0,59,59,normal
126.472618,1900,5,0,0,0,0,0,0,0,0,0,0,0,0,1,1,60,60,normal
129.473567,1900,5,0,0,0,0,0,0,0,0,0,0,0,0,2,2,61,61,normal
0.000000,1900,0,0,0,0,0,0,0,0,0,0,0,0,0,0,0,62,62,normal
0.309262,1900,5,0,0,0,0,0,0,0,0,0,0,0,0,1,1,63,63,normal
132.474324,1900,5,0,0,0,0,0,0,0,0,0,0,0,0,0,0,64,64,normal
0.616301,1900,5,0,0,0,0,0,0,0,0,0,0,0,0,2,2,65,65,normal
0.000000,5353,5,0,0,0,0,0,0,0,0,0,0,0,0,0,0,2,4,normal
0.000000,5353,5,0,0,0,0,0,0,0,0,0,0,0,0,0,1,2,5,normal
0.114271,5353,5,0,0,0,0,0,0,0,0,0,0,0,0,1,2,3,6,normal
0.106277,5353,5,0,0,0,0,0,0,0,0,0,0,0,0,1,3,3,7,normal
0.000000,1900,0,0,0,0,0,0,0,0,0,0,0,0,0,0,0,66,66,normal
0.306032,1900,5,0,0,0,0,0,0,0,0,0,0,0,0,1,1,67,67,normal
0.614918,1900,5,0,0,0,0,0,0,0,0,0,0,0,0,2,2,68,68,normal
0.000000,1900,0,0,0,0,0,0,0,0,0,0,0,0,0,0,0,69,69,normal
0.304065,1900,5,0,0,0,0,0,0,0,0,0,0,0,0,1,1,70,70,normal
0.611867,1900,5,0,0,0,0,0,0,0,0,0,0,0,0,2,2,71,71,normal
0.000000,1900,0,0,0,0,0,0,0,0,0,0,0,0,0,0,0,72,72,normal
0.306555,1900,5,0,0,0,0,0,0,0,0,0,0,0,0,1,1,73,73,normal
0.611993,1900,5,0,0,0,0,0,0,0,0,0,0,0,0,2,2,74,74,normal
0.000000,5353,0,0,0,1,0,0,0,0,0,0,0,0,0,0,0,4,8,normal
0.000000,5353,0,0,0,1,0,0,0,0,0,0,0,0,0,0,1,4,9,normal
0.000000,1900,0,0,0,0,0,0,0,0,0,0,0,0,0,0,0,75,75,normal
0.288139,1900,5,0,0,0,0,0,0,0,0,0,0,0,0,1,1,76,76,normal
0.601901,1900,5,0,0,0,0,0,0,0,0,0,0,0,0,2,2,77,77,normal
0.000000,5353,0,0,0,1,0,0,0,0,0,0,0,0,0,0,0,5,10,normal
0.000000,5353,0,0,0,1,0,0,0,0,0,0,0,0,0,0,1,5,11,normal
0.000000,1900,0,0,0,0,0,0,0,0,0,0,0,0,0,0,0,78,78,normal
0.204575,1900,5,0,0,0,0,0,0,0,0,0,0,0,0,1,1,79,79,normal
0.513541,1900,5,0,0,0,0,0,0,0,0,0,0,0,0,2,2,80,80,normal
0.000000,1900,0,0,0,0,0,0,0,0,0,0,0,0,0,0,0,81,81,normal
0.308096,1900,5,0,0,0,0,0,0,0,0,0,0,0,0,1,1,81,81,normal
0.613886,1900,5,0,0,0,0,0,0,0,0,0,0,0,0,2,2,81,81,normal
0.000000,138,0,0,0,0,0,0,0,0,0,0,0,0,0,0,0,4,2,normal
0.000000,1900,0,0,0,0,0,0,0,0,0,0,0,0,0,0,0,82,82,normal
0.000000,133,10,8,0,0,0,0,0,0,0,0,0,0,0,0,0,0,0,normal
0.309936,1900,5,0,0,0,0,0,0,0,0,0,0,0,0,1,1,81,81,normal
0.616953,1900,5,0,0,0,0,0,0,0,0,0,0,0,0,2,2,81,81,normal
0.000000,1900,0,0,0,0,0,0,0,0,0,0,0,0,0,0,0,81,81,normal
0.307088,1900,5,0,0,0,0,0,0,0,0,0,0,0,0,1,1,82,82,normal
0.640495,1900,5,0,0,0,0,0,0,0,0,0,0,0,0,2,2,82,82,normal
0.000000,1900,0,0,0,0,0,0,0,0,0,0,0,0,0,0,0,82,82,normal
0.303705,1900,5,0,0,0,0,0,0,0,0,0,0,0,0,1,1,82,82,normal
0.610790,1900,5,0,0,0,0,0,0,0,0,0,0,0,0,2,2,82,82,normal
0.000000,1900,0,0,0,0,0,0,0,0,0,0,0,0,0,0,0,82,82,normal
0.000000,1900,0,0,0,0,0,0,0,0,0,0,0,0,0,0,1,0,82,normal
0.204638,1900,5,0,0,0,0,0,0,0,0,0,0,0,0,1,2,82,83,normal
0.204544,1900,5,0,0,0,0,0,0,0,0,0,0,0,0,1,3,1,84,normal
0.307107,1900,5,0,0,0,0,0,0,0,0,0,0,0,0,2,4,83,85,normal
0.306896,1900,5,0,0,0,0,0,0,0,0,0,0,0,0,2,5,2,85,normal
0.513995,1900,5,0,0,0,0,0,0,0,0,0,0,0,0,3,6,82,85,normal
0.513253,1900,5,0,0,0,0,0,0,0,0,0,0,0,0,3,7,3,85,normal
1.023401,1900,5,0,0,0,0,0,0,0,0,0,0,0,0,4,8,81,85,normal
1.022757,1900,5,0,0,0,0,0,0,0,0,0,0,0,0,4,9,4,85,normal
2.354889,1900,5,0,0,0,0,0,0,0,0,0,0,0,0,5,10,80,85,normal
2.354594,1900,5,0,0,0,0,0,0,0,0,0,0,0,0,5,11,5,85,normal
0.000000,1900,0,0,0,0,0,0,0,0,0,0,0,0,0,0,0,79,85,normal
0.204700,1900,5,0,0,0,0,0,0,0,0,0,0,0,0,1,1,79,85,normal
2.974881,1900,5,0,0,0,0,0,0,0,0,0,0,0,0,0,0,79,85,normal
3.069137,1900,5,0,0,0,0,0,0,0,0,0,0,0,0,0,1,6,85,normal
3.174174,1900,5,0,0,0,0,0,0,0,0,0,0,0,0,1,2,78,85,normal
3.176081,1900,5,0,0,0,0,0,0,0,0,0,0,0,0,1,3,7,85,normal
3.276639,1900,5,0,0,0,0,0,0,0,0,0,0,0,0,2,4,77,85,normal
3.276289,1900,5,0,0,0,0,0,0,0,0,0,0,0,0,2,5,8,85,normal
0.521526,1900,5,0,0,0,0,0,0,0,0,0,0,0,0,0,0,77,86,normal
3.481022,1900,5,0,0,0,0,0,0,0,0,0,0,0,0,3,6,78,87,normal
3.480368,1900,5,0,0,0,0,0,0,0,0,0,0,0,0,3,7,9,88,normal
3.992838,1900,5,0,0,0,0,0,0,0,0,0,0,0,0,4,8,78,88,normal
3.992321,1900,5,0,0,0,0,0,0,0,0,0,0,0,0,4,9,10,88,normal
5.326387,1900,5,0,0,0,0,0,0,0,0,0,0,0,0,5,10,77,88,normal
5.326225,1900,5,0,0,0,0,0,0,0,0,0,0,0,0,5,11,11,88,normal
0.000000,138,0,0,0,0,0,0,0,0,0,0,0,0,0,0,0,3,2,normal
6.042878,1900,5,0,0,0,0,0,0,0,0,0,0,0,0,3,6,75,87,normal
6.042968,1900,5,0,0,0,0,0,0,0,0,0,0,0,0,3,7,12,87,normal
6.248122,1900,5,0,0,0,0,0,0,0,0,0,0,0,0,4,8,74,87,normal
6.248161,1900,5,0,0,0,0,0,0,0,0,0,0,0,0,4,9,13,87,normal
6.261919,1900,5,0,0,0,0,0,0,0,0,0,0,0,0,5,10,73,87,normal
6.261785,1900,5,0,0,0,0,0,0,0,0,0,0,0,0,5,11,14,88,normal
6.450572,1900,5,0,0,0,0,0,0,0,0,0,0,0,0,6,12,74,89,normal
6.450161,1900,5,0,0,0,0,0,0,0,0,0,0,0,0,6,13,15,89,normal
7.064853,1900,5,0,0,0,0,0,0,0,0,0,0,0,0,7,14,73,89,normal
7.064144,1900,5,0,0,0,0,0,0,0,0,0,0,0,0,7,15,16,89,normal
8.397288,1900,5,0,0,0,0,0,0,0,0,0,0,0,0,8,16,72,89,normal
8.397063,1900,5,0,0,0,0,0,0,0,0,0,0,0,0,8,17,17,89,normal
0.000000,1900,0,0,0,0,0,0,0,0,0,0,0,0,0,0,0,71,89,normal
0.308716,1900,5,0,0,0,0,0,0,0,0,0,0,0,0,1,1,71,89,normal
0.613873,1900,5,0,0,0,0,0,0,0,0,0,0,0,0,2,2,71,89,normal
0.000000,1900,0,0,0,0,0,0,0,0,0,0,0,0,0,0,0,71,89,normal
0.307208,1900,5,0,0,0,0,0,0,0,0,0,0,0,0,1,1,71,89,normal
0.621947,1900,5,0,0,0,0,0,0,0,0,0,0,0,0,2,2,71,89,normal
0.000000,1900,0,0,0,0,0,0,0,0,0,0,0,0,0,0,0,71,89,normal
0.000000,1900,0,0,0,0,0,0,0,0,0,0,0,0,0,1,1,71,89,normal
0.409348,1900,5,0,0,0,0,0,0,0,0,0,0,0,0,2,2,71,89,normal
0.413738,1900,5,0,0,0,0,0,0,0,0,0,0,0,0,3,3,71,89,normal
0.416820,1900,5,0,0,0,0,0,0,0,0,0,0,0,0,4,4,71,89,normal
0.318195,1900,5,0,0,0,0,0,0,0,0,0,0,0,0,5,5,71,89,normal
0.616767,1900,5,0,0,0,0,0,0,0,0,0,0,0,0,6,6,71,89,normal
7.271773,1900,5,0,0,0,0,0,0,0,0,0,0,0,0,7,7,71,89,normal
7.782057,1900,5,0,0,0,0,0,0,0,0,0,0,0,0,8,8,71,89,normal
7.883967,1900,5,0,0,0,0,0,0,0,0,0,0,0,0,9,9,71,89,normal
7.989365,1900,5,0,0,0,0,0,0,0,0,0,0,0,0,10,10,71,89,normal
0.000000,1900,0,0,0,0,0,0,0,0,0,0,0,0,0,0,0,71,89,normal
0.305842,1900,5,0,0,0,0,0,0,0,0,0,0,0,0,1,1,71,89,normal
0.611770,1900,5,0,0,0,0,0,0,0,0,0,0,0,0,2,2,71,89,normal
0.000000,3702,0,0,0,0,0,0,0,0,0,0,0,0,0,0,0,71,0,normal
0.000000,3702,0,0,0,0,0,0,0,0,0,0,0,0,0,0,1,18,1,normal
0.152656,3702,5,0,0,0,0,0,0,0,0,0,0,0,0,1,2,19,2,normal
0.183782,3702,5,0,0,0,0,0,0,0,0,0,0,0,0,1,3,69,3,normal
0.454739,3702,5,0,0,0,0,0,0,0,0,0,0,0,0,2,4,20,4,normal
0.548477,3702,5,0,0,0,0,0,0,0,0,0,0,0,0,2,5,70,5,normal
0.905584,3702,5,0,0,0,0,0,0,0,0,0,0,0,0,3,6,21,6,normal
1.000236,3702,5,0,0,0,0,0,0,0,0,0,0,0,0,3,7,71,7,normal
0.000000,1900,0,0,0,0,0,0,0,0,0,0,0,0,0,0,0,71,85,normal
0.309181,1900,5,0,0,0,0,0,0,0,0,0,0,0,0,1,1,71,85,normal
0.614053,1900,5,0,0,0,0,0,0,0,0,0,0,0,0,2,2,71,85,normal
0.000000,1900,0,0,0,0,0,0,0,0,0,0,0,0,0,0,0,71,85,normal
0.200139,1900,5,0,0,0,0,0,0,0,0,0,0,0,0,1,1,71,85,normal
0.507325,1900,5,0,0,0,0,0,0,0,0,0,0,0,0,2,2,71,85,normal
0.000000,1900,0,0,0,0,0,0,0,0,0,0,0,0,0,0,0,71,85,normal
0.306661,1900,5,0,0,0,0,0,0,0,0,0,0,0,0,1,1,71,85,normal
0.616906,1900,5,0,0,0,0,0,0,0,0,0,0,0,0,2,2,71,85,normal
0.000000,1900,0,0,0,0,0,0,0,0,0,0,0,0,0,0,0,72,86,normal
0.306974,1900,5,0,0,0,0,0,0,0,0,0,0,0,0,1,1,73,87,normal
0.614119,1900,5,0,0,0,0,0,0,0,0,0,0,0,0,2,2,73,87,normal
0.000000,138,0,0,0,1,0,0,0,0,0,0,0,0,0,0,0,2,2,normal
0.000000,137,0,0,0,1,0,0,0,0,0,0,0,0,0,1,0,3,0,normal
0.000000,137,0,0,0,0,0,0,0,0,0,0,0,0,0,0,1,0,1,normal
0.000000,137,5,0,0,0,0,0,0,0,0,0,0,0,0,0,2,0,2,normal
0.000000,1900,0,0,0,0,0,0,0,0,0,0,0,0,0,0,0,71,85,normal
0.307096,1900,5,0,0,0,0,0,0,0,0,0,0,0,0,1,1,71,85,normal
0.511837,1900,5,0,0,0,0,0,0,0,0,0,0,0,0,2,2,71,85,normal
0.000000,1900,0,0,0,0,0,0,0,0,0,0,0,0,0,0,0,71,85,normal
0.307204,1900,5,0,0,0,0,0,0,0,0,0,0,0,0,1,1,71,85,normal
0.618708,1900,5,0,0,0,0,0,0,0,0,0,0,0,0,2,2,71,85,normal
0.000000,1900,0,0,0,0,0,0,0,0,0,0,0,0,0,0,0,72,86,normal
3.001826,1900,5,0,0,0,0,0,0,0,0,0,0,0,0,1,1,72,86,normal
6.002754,1900,5,0,0,0,0,0,0,0,0,0,0,0,0,2,2,73,87,normal
0.000000,1900,0,0,0,0,0,0,0,0,0,0,0,0,0,0,0,73,87,normal
0.305583,1900,5,0,0,0,0,0,0,0,0,0,0,0,0,1,1,73,87,normal
0.612810,1900,5,0,0,0,0,0,0,0,0,0,0,0,0,2,2,73,87,normal
9.008521,1900,5,0,0,0,0,0,0,0,0,0,0,0,0,0,0,73,87,normal
12.009475,1900,5,0,0,0,0,0,0,0,0,0,0,0,0,1,1,73,87,normal
15.009530,1900,5,0,0,0,0,0,0,0,0,0,0,0,0,2,2,73,87,normal
0.000000,1900,0,0,0,0,0,0,0,0,0,0,0,0,0,0,0,73,87,normal
0.307243,1900,5,0,0,0,0,0,0,0,0,0,0,0,0,1,1,73,87,normal
0.614410,1900,5,0,0,0,0,0,0,0,0,0,0,0,0,2,2,73,87,normal
0.000000,547,0,0,0,0,0,0,0,0,0,0,0,0,0,0,0,0,0,normal
1.000054,547,5,0,0,0,0,0,0,0,0,0,0,0,0,1,1,1,1,normal
3.000229,547,5,0,0,0,0,0,0,0,0,0,0,0,0,2,2,2,2,normal
0.000000,1900,0,0,0,0,0,0,0,0,0,0,0,0,0,0,0,72,84,normal
0.307287,1900,5,0,0,0,0,0,0,0,0,0,0,0,0,1,1,73,84,normal
0.613603,1900,5,0,0,0,0,0,0,0,0,0,0,0,0,2,2,73,84,normal
7.001008,547,5,0,0,0,0,0,0,0,0,0,0,0,0,0,0,3,3,normal
15.001108,547,5,0,0,0,0,0,0,0,0,0,0,0,0,1,1,4,4,normal
0.000000,1900,0,0,0,0,0,0,0,0,0,0,0,0,0,0,0,73,82,normal
0.296638,1900,5,0,0,0,0,0,0,0,0,0,0,0,0,1,1,73,82,normal
0.604629,1900,5,0,0,0,0,0,0,0,0,0,0,0,0,2,2,74,82,normal
0.000000,137,5,0,0,0,0,0,0,0,0,0,0,0,0,0,0,3,3,normal
0.000000,1900,0,0,0,0,0,0,0,0,0,0,0,0,0,0,0,73,81,normal
0.307180,1900,5,0,0,0,0,0,0,0,0,0,0,0,0,1,1,73,81,normal
0.614513,1900,5,0,0,0,0,0,0,0,0,0,0,0,0,2,2,74,81,normal
31.001250,547,5,0,0,0,0,0,0,0,0,0,0,0,0,0,0,5,5,normal
0.000000,1900,0,0,0,0,0,0,0,0,0,0,0,0,0,0,0,74,80,normal
0.312824,1900,5,0,0,0,0,0,0,0,0,0,0,0,0,1,1,74,80,normal
0.615439,1900,5,0,0,0,0,0,0,0,0,0,0,0,0,2,2,75,80,normal
60.979726,1900,5,0,0,0,0,0,0,0,0,0,0,0,0,0,0,75,80,normal
63.980373,1900,5,0,0,0,0,0,0,0,0,0,0,0,0,1,1,75,80,normal
0.000000,1900,0,0,0,0,0,0,0,0,0,0,0,0,0,0,0,76,80,normal
0.305828,1900,5,0,0,0,0,0,0,0,0,0,0,0,0,1,1,76,80,normal
66.980857,1900,5,0,0,0,0,0,0,0,0,0,0,0,0,0,0,77,80,normal
0.613942,1900,5,0,0,0,0,0,0,0,0,0,0,0,0,2,2,77,80,normal
69.986195,1900,5,0,0,0,0,0,0,0,0,0,0,0,0,1,1,78,80,normal
72.987638,1900,5,0,0,0,0,0,0,0,0,0,0,0,0,2,2,79,81,normal
75.989262,1900,5,0,0,0,0,0,0,0,0,0,0,0,0,3,3,79,81,normal
0.000000,1900,0,0,0,0,0,0,0,0,0,0,0,0,0,0,0,80,81,normal
0.306678,1900,5,0,0,0,0,0,0,0,0,0,0,0,0,1,1,80,81,normal
0.615473,1900,5,0,0,0,0,0,0,0,0,0,0,0,0,2,2,81,81,normal
63.001659,547,5,0,0,0,0,0,0,0,0,0,0,0,0,0,0,6,6,normal
0.000000,1900,0,0,0,0,0,0,0,0,0,0,0,0,0,0,0,81,80,normal
0.306869,1900,5,0,0,0,0,0,0,0,0,0,0,0,0,1,1,81,80,normal
0.614304,1900,5,0,0,0,0,0,0,0,0,0,0,0,0,2,2,82,80,normal
0.000000,5353,0,0,0,1,0,0,0,0,0,0,0,0,0,0,0,0,0,normal
0.000000,5353,0,0,0,1,0,0,0,0,0,0,0,0,0,0,1,0,1,normal
0.000000,1900,0,0,0,0,0,0,0,0,0,0,0,0,0,0,0,81,78,normal
0.306829,1900,5,0,0,0,0,0,0,0,0,0,0,0,0,1,1,82,78,normal
0.613940,1900,5,0,0,0,0,0,0,0,0,0,0,0,0,2,2,82,78,normal
0.000000,1900,0,0,0,0,0,0,0,0,0,0,0,0,0,0,0,82,78,normal
0.205902,1900,5,0,0,0,0,0,0,0,0,0,0,0,0,1,1,82,78,normal
0.511918,1900,5,0,0,0,0,0,0,0,0,0,0,0,0,2,2,82,78,normal
0.000000,1900,0,0,0,0,0,0,0,0,0,0,0,0,0,0,0,82,78,normal
0.307702,1900,5,0,0,0,0,0,0,0,0,0,0,0,0,1,1,82,78,normal
0.614811,1900,5,0,0,0,0,0,0,0,0,0,0,0,0,2,2,82,78,normal
0.000000,1900,0,0,0,0,0,0,0,0,0,0,0,0,0,0,0,82,78,normal
0.308473,1900,5,0,0,0,0,0,0,0,0,0,0,0,0,1,1,82,78,normal
0.615246,1900,5,0,0,0,0,0,0,0,0,0,0,0,0,2,2,82,78,normal
0.000000,1900,0,0,0,0,0,0,0,0,0,0,0,0,0,0,0,82,78,normal
0.207057,1900,5,0,0,0,0,0,0,0,0,0,0,0,0,1,1,82,78,normal
0.511694,1900,5,0,0,0,0,0,0,0,0,0,0,0,0,2,2,82,78,normal
0.000000,1900,0,0,0,0,0,0,0,0,0,0,0,0,0,0,0,82,78,normal
0.306872,1900,5,0,0,0,0,0,0,0,0,0,0,0,0,1,1,82,78,normal
0.614139,1900,5,0,0,0,0,0,0,0,0,0,0,0,0,2,2,82,78,normal
0.000000,1900,0,0,0,0,0,0,0,0,0,0,0,0,0,3,3,82,78,normal
3.001255,1900,5,0,0,0,0,0,0,0,0,0,0,0,0,4,4,82,78,normal
6.001993,1900,5,0,0,0,0,0,0,0,0,0,0,0,0,5,5,82,78,normal
0.000000,1900,0,0,0,0,0,0,0,0,0,0,0,0,0,0,0,82,78,normal
9.006654,1900,5,0,0,0,0,0,0,0,0,0,0,0,0,6,6,82,79,normal
0.309131,1900,5,0,0,0,0,0,0,0,0,0,0,0,0,1,1,83,80,normal
0.616265,1900,5,0,0,0,0,0,0,0,0,0,0,0,0,2,2,84,81,normal
12.007332,1900,5,0,0,0,0,0,0,0,0,0,0,0,0,1,1,84,82,normal
15.007789,1900,5,0,0,0,0,0,0,0,0,0,0,0,0,2,2,85,83,normal
0.000000,1900,0,0,0,0,0,0,0,0,0,0,0,0,0,0,0,85,84,normal
0.202784,1900,5,0,0,0,0,0,0,0,0,0,0,0,0,1,1,86,85,normal
0.508735,1900,5,0,0,0,0,0,0,0,0,0,0,0,0,2,2,86,86,normal
0.000000,138,0,0,0,0,0,0,0,0,0,0,0,0,0,0,0,3,1,normal
0.000000,138,0,0,0,0,0,0,0,0,0,0,0,0,0,1,1,4,2,normal
61.064662,1900,5,0,0,0,0,0,0,0,0,0,0,0,0,0,0,84,84,normal
64.065455,1900,5,0,0,0,0,0,0,0,0,0,0,0,0,1,1,84,84,normal
67.065674,1900,5,0,0,0,0,0,0,0,0,0,0,0,0,2,2,84,84,normal
70.070232,1900,5,0,0,0,0,0,0,0,0,0,0,0,0,3,3,84,84,normal
73.071302,1900,5,0,0,0,0,0,0,0,0,0,0,0,0,4,4,84,84,normal
76.071960,1900,5,0,0,0,0,0,0,0,0,0,0,0,0,5,5,84,84,normal
0.000000,1900,0,0,0,0,0,0,0,0,0,0,0,0,0,0,0,84,84,normal
0.206761,1900,5,0,0,0,0,0,0,0,0,0,0,0,0,1,1,84,84,normal
0.616439,1900,5,0,0,0,0,0,0,0,0,0,0,0,0,2,2,84,84,normal
0.000000,1900,0,0,0,0,0,0,0,0,0,0,0,0,0,0,0,84,84,normal
0.312074,1900,5,0,0,0,0,0,0,0,0,0,0,0,0,1,1,85,85,normal
0.512805,1900,5,0,0,0,0,0,0,0,0,0,0,0,0,2,2,86,86,normal
0.000000,1900,0,0,0,0,0,0,0,0,0,0,0,0,0,0,0,87,87,normal
0.304552,1900,5,0,0,0,0,0,0,0,0,0,0,0,0,1,1,88,88,normal
0.612888,1900,5,0,0,0,0,0,0,0,0,0,0,0,0,2,2,88,88,normal
0.000000,1900,0,0,0,0,0,0,0,0,0,0,0,0,0,0,0,88,88,normal
0.305180,1900,5,0,0,0,0,0,0,0,0,0,0,0,0,1,1,88,88,normal
0.612214,1900,5,0,0,0,0,0,0,0,0,0,0,0,0,2,2,88,88,normal
0.000000,138,0,0,0,1,0,0,0,0,0,0,0,0,0,0,0,3,2,normal
0.000000,137,0,0,0,1,0,0,0,0,0,0,0,0,0,1,0,4,1,normal
0.000000,137,0,0,0,0,0,0,0,0,0,0,0,0,0,0,1,0,2,normal
0.000000,137,5,0,0,0,0,0,0,0,0,0,0,0,0,0,2,0,3,normal
0.000000,1900,0,0,0,0,0,0,0,0,0,0,0,0,0,0,0,84,84,normal
0.308908,1900,5,0,0,0,0,0,0,0,0,0,0,0,0,1,1,84,84,normal
0.615557,1900,5,0,0,0,0,0,0,0,0,0,0,0,0,2,2,84,84,normal
0.000000,1900,0,0,0,0,0,0,0,0,0,0,0,0,0,0,0,84,84,normal
0.307642,1900,5,0,0,0,0,0,0,0,0,0,0,0,0,1,1,84,84,normal
0.616940,1900,5,0,0,0,0,0,0,0,0,0,0,0,0,2,2,84,84,normal
0.000000,1900,0,0,0,0,0,0,0,0,0,0,0,0,0,0,0,84,84,normal
0.001939,1900,5,0,0,0,0,0,0,0,0,0,0,0,0,1,1,84,84,normal
0.000000,1900,0,0,0,0,0,0,0,0,0,0,0,0,0,0,0,84,84,normal
0.417729,1900,5,0,0,0,0,0,0,0,0,0,0,0,0,1,1,84,84,normal
0.623412,1900,5,0,0,0,0,0,0,0,0,0,0,0,0,2,2,85,85,normal
0.000000,1900,0,0,0,0,0,0,0,0,0,0,0,0,0,0,0,86,86,normal
0.002023,1900,5,0,0,0,0,0,0,0,0,0,0,0,0,1,1,87,87,normal
0.205480,1900,5,0,0,0,0,0,0,0,0,0,0,0,0,2,2,87,87,normal
0.000000,1900,0,0,0,0,0,0,0,0,0,0,0,0,0,0,0,87,87,normal
0.308117,1900,5,0,0,0,0,0,0,0,0,0,0,0,0,1,1,87,87,normal
0.617854,1900,5,0,0,0,0,0,0,0,0,0,0,0,0,2,2,88,88,normal
0.000000,1900,0,0,0,0,0,0,0,0,0,0,0,0,0,3,3,89,89,normal
0.000000,1900,0,0,0,0,0,0,0,0,0,0,0,0,0,0,4,0,89,normal
0.205769,1900,5,0,0,0,0,0,0,0,0,0,0,0,0,4,5,88,89,normal
0.205407,1900,5,0,0,0,0,0,0,0,0,0,0,0,0,1,6,1,89,normal
0.307769,1900,5,0,0,0,0,0,0,0,0,0,0,0,0,5,7,88,90,normal
0.307358,1900,5,0,0,0,0,0,0,0,0,0,0,0,0,2,8,2,90,normal
0.512155,1900,5,0,0,0,0,0,0,0,0,0,0,0,0,6,9,87,90,normal
0.513622,1900,5,0,0,0,0,0,0,0,0,0,0,0,0,3,10,3,90,normal
1.030811,1900,5,0,0,0,0,0,0,0,0,0,0,0,0,7,11,87,91,normal
1.030098,1900,5,0,0,0,0,0,0,0,0,0,0,0,0,4,12,4,91,normal
0.000000,137,5,0,0,0,0,0,0,0,0,0,0,0,0,0,0,4,3,normal
2.355565,1900,5,0,0,0,0,0,0,0,0,0,0,0,0,8,13,85,90,normal
2.355040,1900,5,0,0,0,0,0,0,0,0,0,0,0,0,5,14,5,90,normal
0.000000,5353,0,0,0,1,0,0,0,0,0,0,0,0,0,0,0,1,2,normal
0.000000,5353,0,0,0,1,0,0,0,0,0,0,0,0,0,0,1,1,3,normal
3.074791,1900,5,0,0,0,0,0,0,0,0,0,0,0,0,6,12,82,88,normal
3.074869,1900,5,0,0,0,0,0,0,0,0,0,0,0,0,6,13,6,88,normal
3.174148,1900,5,0,0,0,0,0,0,0,0,0,0,0,0,7,14,81,88,normal
3.173894,1900,5,0,0,0,0,0,0,0,0,0,0,0,0,7,15,7,88,normal
3.276706,1900,5,0,0,0,0,0,0,0,0,0,0,0,0,8,16,80,88,normal
3.276342,1900,5,0,0,0,0,0,0,0,0,0,0,0,0,8,17,8,88,normal
3.483154,1900,5,0,0,0,0,0,0,0,0,0,0,0,0,9,18,79,88,normal
3.487978,1900,5,0,0,0,0,0,0,0,0,0,0,0,0,9,19,9,88,normal
4.096101,1900,5,0,0,0,0,0,0,0,0,0,0,0,0,10,20,78,88,normal
4.095214,1900,5,0,0,0,0,0,0,0,0,0,0,0,0,10,21,10,89,normal
5.327391,1900,5,0,0,0,0,0,0,0,0,0,0,0,0,11,22,78,89,normal
5.327761,1900,5,0,0,0,0,0,0,0,0,0,0,0,0,11,23,11,89,normal
6.044461,1900,5,0,0,0,0,0,0,0,0,0,0,0,0,12,24,77,89,normal
6.049025,1900,5,0,0,0,0,0,0,0,0,0,0,0,0,12,25,12,90,normal
6.250310,1900,5,0,0,0,0,0,0,0,0,0,0,0,0,13,26,78,91,normal
6.259916,1900,5,0,0,0,0,0,0,0,0,0,0,0,0,13,27,13,91,normal
6.272651,1900,5,0,0,0,0,0,0,0,0,0,0,0,0,14,28,77,91,normal
6.272346,1900,5,0,0,0,0,0,0,0,0,0,0,0,0,14,29,14,91,normal
6.452909,1900,5,0,0,0,0,0,0,0,0,0,0,0,0,15,30,76,91,normal
6.452023,1900,5,0,0,0,0,0,0,0,0,0,0,0,0,15,31,15,91,normal
7.066572,1900,5,0,0,0,0,0,0,0,0,0,0,0,0,16,32,75,91,normal
7.065976,1900,5,0,0,0,0,0,0,0,0,0,0,0,0,16,33,16,91,normal
8.396544,1900,5,0,0,0,0,0,0,0,0,0,0,0,0,17,34,74,91,normal
8.396174,1900,5,0,0,0,0,0,0,0,0,0,0,0,0,17,35,17,91,normal
0.000000,1900,0,0,0,0,0,0,0,0,0,0,0,0,0,0,0,73,91,normal
0.307054,1900,5,0,0,0,0,0,0,0,0,0,0,0,0,1,1,73,91,normal
0.614562,1900,5,0,0,0,0,0,0,0,0,0,0,0,0,2,2,73,91,normal
0.000000,1900,0,0,0,0,0,0,0,0,0,0,0,0,0,0,0,73,91,normal
0.306288,1900,5,0,0,0,0,0,0,0,0,0,0,0,0,1,1,73,91,normal
0.513083,1900,5,0,0,0,0,0,0,0,0,0,0,0,0,2,2,73,91,normal
0.000000,1900,0,0,0,0,0,0,0,0,0,0,0,0,0,0,0,73,91,normal
0.209265,1900,5,0,0,0,0,0,0,0,0,0,0,0,0,1,1,73,91,normal
0.513269,1900,5,0,0,0,0,0,0,0,0,0,0,0,0,2,2,73,91,normal
0.000000,1900,0,0,0,0,0,0,0,0,0,0,0,0,0,0,0,73,91,normal
0.197642,1900,5,0,0,0,0,0,0,0,0,0,0,0,0,1,1,73,91,normal
0.505453,1900,5,0,0,0,0,0,0,0,0,0,0,0,0,2,2,73,91,normal
0.000000,1900,0,0,0,0,0,0,0,0,0,0,0,0,0,0,0,73,91,normal
0.289130,1900,5,0,0,0,0,0,0,0,0,0,0,0,0,1,1,73,91,normal
0.601884,1900,5,0,0,0,0,0,0,0,0,0,0,0,0,2,2,73,91,normal
0.000000,1900,0,0,0,0,0,0,0,0,0,0,0,0,0,0,0,73,91,normal
0.408062,1900,5,0,0,0,0,0,0,0,0,0,0,0,0,1,1,73,91,normal
0.000000,1900,0,0,0,0,0,0,0,0,0,0,0,0,0,2,2,73,91,normal
0.624970,1900,5,0,0,0,0,0,0,0,0,0,0,0,0,3,3,73,91,normal
3.001926,1900,5,0,0,0,0,0,0,0,0,0,0,0,0,4,4,73,91,normal
6.002800,1900,5,0,0,0,0,0,0,0,0,0,0,0,0,5,5,73,91,normal
9.007446,1900,5,0,0,0,0,0,0,0,0,0,0,0,0,6,6,74,92,normal
0.000000,1900,0,0,0,0,0,0,0,0,0,0,0,0,0,0,0,75,93,normal
0.300992,1900,5,0,0,0,0,0,0,0,0,0,0,0,0,1,1,75,93,normal
0.608750,1900,5,0,0,0,0,0,0,0,0,0,0,0,0,2,2,75,93,normal
0.000000,133,10,8,0,0,0,0,0,0,0,0,0,0,0,0,0,0,0,normal
12.007862,1900,5,0,0,0,0,0,0,0,0,0,0,0,0,0,0,74,92,normal
15.009877,1900,5,0,0,0,0,0,0,0,0,0,0,0,0,1,1,74,92,normal
0.000000,1900,0,0,0,0,0,0,0,0,0,0,0,0,0,0,0,74,92,normal
0.307196,1900,5,0,0,0,0,0,0,0,0,0,0,0,0,1,1,74,92,normal
0.614313,1900,5,0,0,0,0,0,0,0,0,0,0,0,0,2,2,74,92,normal
0.000000,1900,0,0,0,0,0,0,0,0,0,0,0,0,0,0,0,74,92,normal
0.204450,1900,5,0,0,0,0,0,0,0,0,0,0,0,0,1,1,74,92,normal
0.513556,1900,5,0,0,0,0,0,0,0,0,0,0,0,0,2,2,74,92,normal
0.000000,138,0,0,0,0,0,0,0,0,0,0,0,0,0,0,0,3,1,normal
0.000000,1900,0,0,0,0,0,0,0,0,0,0,0,0,0,0,0,73,91,normal
0.307513,1900,5,0,0,0,0,0,0,0,0,0,0,0,0,1,1,73,91,normal
0.614337,1900,5,0,0,0,0,0,0,0,0,0,0,0,0,2,2,73,91,normal
0.000000,1900,0,0,0,0,0,0,0,0,0,0,0,0,0,0,0,73,91,normal
0.003446,1900,5,0,0,0,0,0,0,0,0,0,0,0,0,1,1,73,91,normal
0.007017,1900,5,0,0,0,0,0,0,0,0,0,0,0,0,2,2,73,91,normal
0.011731,1900,5,0,0,0,0,0,0,0,0,0,0,0,0,3,3,74,92,normal
0.014900,1900,5,0,0,0,0,0,0,0,0,0,0,0,0,4,4,75,93,normal
0.022864,1900,5,0,0,0,0,0,0,0,0,0,0,0,0,5,5,76,94,normal
0.026211,1900,5,0,0,0,0,0,0,0,0,0,0,0,0,6,6,77,95,normal
0.029589,1900,5,0,0,0,0,0,0,0,0,0,0,0,0,7,7,77,95,normal
0.032935,1900,5,0,0,0,0,0,0,0,0,0,0,0,0,8,8,77,95,normal
0.036656,1900,5,0,0,0,0,0,0,0,0,0,0,0,0,9,9,77,95,normal
0.040906,1900,5,0,0,0,0,0,0,0,0,0,0,0,0,10,10,77,95,normal
0.044689,1900,5,0,0,0,0,0,0,0,0,0,0,0,0,11,11,77,95,normal
0.048322,1900,5,0,0,0,0,0,0,0,0,0,0,0,0,12,12,77,95,normal
0.056807,1900,5,0,0,0,0,0,0,0,0,0,0,0,0,13,13,77,95,normal
0.060404,1900,5,0,0,0,0,0,0,0,0,0,0,0,0,14,14,77,95,normal
0.063831,1900,5,0,0,0,0,0,0,0,0,0,0,0,0,15,15,77,95,normal
0.073140,1900,5,0,0,0,0,0,0,0,0,0,0,0,0,16,16,77,95,normal
0.078884,1900,5,0,0,0,0,0,0,0,0,0,0,0,0,17,17,77,95,normal
0.082818,1900,5,0,0,0,0,0,0,0,0,0,0,0,0,18,18,77,95,normal
0.086688,1900,5,0,0,0,0,0,0,0,0,0,0,0,0,19,19,77,95,normal
0.090721,1900,5,0,0,0,0,0,0,0,0,0,0,0,0,20,20,77,95,normal
0.101923,1900,5,0,0,0,0,0,0,0,0,0,0,0,0,21,21,77,95,normal
0.105755,1900,5,0,0,0,0,0,0,0,0,0,0,0,0,22,22,77,95,normal
0.109559,1900,5,0,0,0,0,0,0,0,0,0,0,0,0,23,23,77,95,normal
0.113064,1900,5,0,0,0,0,0,0,0,0,0,0,0,0,24,24,77,95,normal
0.116893,1900,5,0,0,0,0,0,0,0,0,0,0,0,0,25,25,78,95,normal
0.123637,1900,5,0,0,0,0,0,0,0,0,0,0,0,0,26,26,78,95,normal
0.127318,1900,5,0,0,0,0,0,0,0,0,0,0,0,0,27,27,79,95,normal
0.131107,1900,5,0,0,0,0,0,0,0,0,0,0,0,0,28,28,79,95,normal
0.134825,1900,5,0,0,0,0,0,0,0,0,0,0,0,0,29,29,80,95,normal
0.000000,1900,0,0,0,0,0,0,0,0,0,0,0,0,0,0,0,80,95,normal
0.306697,1900,5,0,0,0,0,0,0,0,0,0,0,0,0,1,1,81,95,normal
0.613846,1900,5,0,0,0,0,0,0,0,0,0,0,0,0,2,2,81,95,normal
0.000000,547,0,0,0,0,0,0,0,0,0,0,0,0,0,0,0,0,0,normal
1.000392,547,5,0,0,0,0,0,0,0,0,0,0,0,0,1,1,1,1,normal
3.001014,547,5,0,0,0,0,0,0,0,0,0,0,0,0,2,2,2,2,normal
7.001263,547,5,0,0,0,0,0,0,0,0,0,0,0,0,3,3,3,3,normal
0.000000,1900,0,0,0,0,0,0,0,0,0,0,0,0,0,0,0,81,93,normal
0.307672,1900,5,0,0,0,0,0,0,0,0,0,0,0,0,1,1,82,94,normal
