0.195289,22,0,0,188,0,0,0,0,0,0,0,0,0,0,0,0,0,0,normal
0.197663,22,0,0,188,0,0,0,0,0,0,0,0,0,0,0,1,0,1,normal
0.206654,22,0,0,188,0,0,0,0,0,0,0,0,0,0,0,2,0,2,normal
0.190229,22,0,0,188,0,0,0,0,0,0,0,0,0,0,0,1,0,3,normal
0.000000,123,0,0,0,0,0,0,0,0,0,0,0,0,0,0,0,0,0,normal
0.152326,123,5,0,0,0,0,0,0,0,0,0,0,0,0,1,1,1,1,normal
1.218624,1962,1,0,0,0,0,0,0,0,0,0,0,0,0,0,0,1,0,normal
0.000004,1962,1,0,0,0,0,0,0,0,0,0,0,0,0,1,1,2,1,normal
0.022571,22,2,0,0,0,0,0,0,0,0,0,0,0,0,0,0,1,4,normal
0.000022,23195,1,0,0,0,0,0,0,0,0,0,0,0,0,1,0,2,0,normal
0.000020,22400,1,0,0,0,0,0,0,0,0,0,0,0,0,0,0,3,0,normal
0.000033,60762,1,0,0,0,0,0,0,0,0,0,0,0,0,0,0,1,0,normal
0.000018,37603,1,0,0,0,0,0,0,0,0,0,0,0,0,1,0,4,0,normal
0.000022,23195,1,0,0,0,0,0,0,0,0,0,0,0,0,2,1,3,1,normal
0.000031,5278,1,0,0,0,0,0,0,0,0,0,0,0,0,0,0,1,0,normal
0.000031,43699,1,0,0,0,0,0,0,0,0,0,0,0,0,1,0,2,0,normal
0.000021,60762,1,0,0,0,0,0,0,0,0,0,0,0,0,1,1,2,1,normal
0.000021,23195,1,0,0,0,0,0,0,0,0,0,0,0,0,2,2,4,2,normal
0.000034,5278,1,0,0,0,0,0,0,0,0,0,0,0,0,2,1,3,1,normal
0.000022,1720,1,0,0,0,0,0,0,0,0,0,0,0,0,3,0,4,0,normal
0.000022,60762,1,0,0,0,0,0,0,0,0,0,0,0,0,2,2,3,2,normal
0.000023,3306,1,0,0,0,0,0,0,0,0,0,0,0,0,4,0,5,0,normal
0.000024,5278,1,0,0,0,0,0,0,0,0,0,0,0,0,5,2,6,2,normal
0.000024,43699,1,0,0,0,0,0,0,0,0,0,0,0,0,6,1,7,1,normal
0.000023,3306,1,0,0,0,0,0,0,0,0,0,0,0,0,3,1,4,1,normal
0.000024,5278,1,0,0,0,0,0,0,0,0,0,0,0,0,7,3,8,3,normal
0.000022,43699,1,0,0,0,0,0,0,0,0,0,0,0,0,8,2,9,2,normal
0.000023,60126,1,0,0,0,0,0,0,0,0,0,0,0,0,9,0,10,0,normal
0.000022,5278,1,0,0,0,0,0,0,0,0,0,0,0,0,10,4,11,4,normal
0.000023,43699,1,0,0,0,0,0,0,0,0,0,0,0,0,11,3,12,3,normal
0.000007,60126,1,0,0,0,0,0,0,0,0,0,0,0,0,12,1,13,1,normal
0.000022,139,1,0,0,0,0,0,0,0,0,0,0,0,0,13,0,14,0,normal
0.000021,3306,1,0,0,0,0,0,0,0,0,0,0,0,0,14,2,15,2,normal
0.000022,43699,1,0,0,0,0,0,0,0,0,0,0,0,0,15,4,16,4,normal
0.000020,6313,1,0,0,0,0,0,0,0,0,0,0,0,0,4,0,5,0,normal
0.000022,23195,1,0,0,0,0,0,0,0,0,0,0,0,0,3,3,5,3,normal
0.000023,60126,1,0,0,0,0,0,0,0,0,0,0,0,0,16,2,17,2,normal
0.000021,27885,1,0,0,0,0,0,0,0,0,0,0,0,0,5,0,6,0,normal
0.000007,6313,1,0,0,0,0,0,0,0,0,0,0,0,0,6,1,7,1,normal
0.000021,3306,1,0,0,0,0,0,0,0,0,0,0,0,0,4,3,6,3,normal
0.000025,60126,1,0,0,0,0,0,0,0,0,0,0,0,0,17,3,18,3,normal
0.000031,27885,1,0,0,0,0,0,0,0,0,0,0,0,0,7,1,8,1,normal
0.000007,6313,1,0,0,0,0,0,0,0,0,0,0,0,0,8,2,9,2,normal
0.000019,6913,1,0,0,0,0,0,0,0,0,0,0,0,0,2,0,5,0,normal
0.000021,55238,1,0,0,0,0,0,0,0,0,0,0,0,0,3,0,6,0,normal
0.000019,6913,1,0,0,0,0,0,0,0,0,0,0,0,0,2,1,7,1,normal
0.000023,6313,1,0,0,0,0,0,0,0,0,0,0,0,0,8,3,10,3,normal
0.000009,27885,1,0,0,0,0,0,0,0,0,0,0,0,0,9,2,11,2,normal
0.000019,55238,1,0,0,0,0,0,0,0,0,0,0,0,0,3,1,8,1,normal
0.000021,6913,1,0,0,0,0,0,0,0,0,0,0,0,0,4,2,9,2,normal
0.000022,6313,1,0,0,0,0,0,0,0,0,0,0,0,0,10,4,12,4,normal
0.000019,55238,1,0,0,0,0,0,0,0,0,0,0,0,0,5,2,10,2,normal
0.000006,27885,1,0,0,0,0,0,0,0,0,0,0,0,0,11,3,13,3,normal
0.000019,6913,1,0,0,0,0,0,0,0,0,0,0,0,0,6,3,11,3,normal
0.000019,3306,1,0,0,0,0,0,0,0,0,0,0,0,0,7,4,12,4,normal
0.000021,139,1,0,0,0,0,0,0,0,0,0,0,0,0,12,1,14,1,normal
0.000014,27885,1,0,0,0,0,0,0,0,0,0,0,0,0,13,4,15,4,normal
0.000020,6913,1,0,0,0,0,0,0,0,0,0,0,0,0,8,4,13,4,normal
0.000019,55238,1,0,0,0,0,0,0,0,0,0,0,0,0,9,3,14,3,normal
0.000020,10418,1,0,0,0,0,0,0,0,0,0,0,0,0,3,0,7,0,normal
0.000019,6913,1,0,0,0,0,0,0,0,0,0,0,0,0,10,5,15,5,normal
0.000022,51799,1,0,0,0,0,0,0,0,0,0,0,0,0,16,0,19,0,normal
0.000019,17249,1,0,0,0,0,0,0,0,0,0,0,0,0,4,0,8,0,normal
0.000018,10418,1,0,0,0,0,0,0,0,0,0,0,0,0,4,1,9,1,normal
0.000020,6913,1,0,0,0,0,0,0,0,0,0,0,0,0,11,6,16,6,normal
0.000020,17249,1,0,0,0,0,0,0,0,0,0,0,0,0,5,1,10,1,normal
0.000023,51799,1,0,0,0,0,0,0,0,0,0,0,0,0,7,1,20,1,normal
0.000020,10418,1,0,0,0,0,0,0,0,0,0,0,0,0,6,2,11,2,normal
0.000018,35528,1,0,0,0,0,0,0,0,0,0,0,0,0,7,0,12,0,normal
0.000015,3306,1,0,0,0,0,0,0,0,0,0,0,0,0,8,3,13,5,normal
0.000023,51799,1,0,0,0,0,0,0,0,0,0,0,0,0,8,2,21,2,normal
0.000020,10418,1,0,0,0,0,0,0,0,0,0,0,0,0,9,3,14,3,normal
0.000019,35528,1,0,0,0,0,0,0,0,0,0,0,0,0,10,1,15,1,normal
0.000011,17249,1,0,0,0,0,0,0,0,0,0,0,0,0,11,2,16,2,normal
0.000024,51799,1,0,0,0,0,0,0,0,0,0,0,0,0,9,3,22,3,normal
0.000019,10418,1,0,0,0,0,0,0,0,0,0,0,0,0,12,4,17,4,normal
0.000018,35528,1,0,0,0,0,0,0,0,0,0,0,0,0,13,2,18,2,normal
0.000017,17249,1,0,0,0,0,0,0,0,0,0,0,0,0,14,3,19,3,normal
0.000025,51799,1,0,0,0,0,0,0,0,0,0,0,0,0,10,4,23,4,normal
0.000022,29125,1,0,0,0,0,0,0,0,0,0,0,0,0,11,0,16,0,normal
0.000020,35528,1,0,0,0,0,0,0,0,0,0,0,0,0,15,3,20,3,normal
0.000020,17249,1,0,0,0,0,0,0,0,0,0,0,0,0,16,4,21,4,normal
0.000021,35528,1,0,0,0,0,0,0,0,0,0,0,0,0,15,4,22,4,normal
0.000035,29125,1,0,0,0,0,0,0,0,0,0,0,0,0,7,1,17,1,normal
0.000021,38433,1,0,0,0,0,0,0,0,0,0,0,0,0,10,0,17,0,normal
0.000019,12856,1,0,0,0,0,0,0,0,0,0,0,0,0,11,0,18,0,normal
0.000021,35528,1,0,0,0,0,0,0,0,0,0,0,0,0,16,5,23,5,normal
0.000020,38433,1,0,0,0,0,0,0,0,0,0,0,0,0,12,1,19,1,normal
0.000022,29125,1,0,0,0,0,0,0,0,0,0,0,0,0,8,2,18,2,normal
0.000020,12856,1,0,0,0,0,0,0,0,0,0,0,0,0,13,1,20,1,normal
0.000032,35528,1,0,0,0,0,0,0,0,0,0,0,0,0,17,6,24,6,normal
0.000020,1720,1,0,0,0,0,0,0,0,0,0,0,0,0,14,0,21,1,normal
0.000022,29125,1,0,0,0,0,0,0,0,0,0,0,0,0,9,3,19,3,normal
0.000020,12856,1,0,0,0,0,0,0,0,0,0,0,0,0,15,2,22,2,normal
0.000019,45393,1,0,0,0,0,0,0,0,0,0,0,0,0,16,0,23,0,normal
0.000017,38433,1,0,0,0,0,0,0,0,0,0,0,0,0,17,2,24,2,normal
0.000018,12856,1,0,0,0,0,0,0,0,0,0,0,0,0,18,3,25,3,normal
0.000023,29125,1,0,0,0,0,0,0,0,0,0,0,0,0,10,4,20,4,normal
0.000022,3306,1,0,0,0,0,0,0,0,0,0,0,0,0,10,1,26,6,normal
0.000019,38433,1,0,0,0,0,0,0,0,0,0,0,0,0,11,3,27,3,normal
0.000023,52076,1,0,0,0,0,0,0,0,0,0,0,0,0,4,0,24,0,normal
0.000022,55277,1,0,0,0,0,0,0,0,0,0,0,0,0,5,0,24,0,normal
0.000019,45393,1,0,0,0,0,0,0,0,0,0,0,0,0,12,1,27,1,normal
0.000021,38433,1,0,0,0,0,0,0,0,0,0,0,0,0,13,4,28,4,normal
0.000030,52076,1,0,0,0,0,0,0,0,0,0,0,0,0,6,1,25,1,normal
0.000023,55277,1,0,0,0,0,0,0,0,0,0,0,0,0,7,1,26,1,normal
0.000020,45393,1,0,0,0,0,0,0,0,0,0,0,0,0,14,2,29,2,normal
0.000035,52076,1,0,0,0,0,0,0,0,0,0,0,0,0,8,2,27,2,normal
0.000020,38433,1,0,0,0,0,0,0,0,0,0,0,0,0,15,5,28,5,normal
0.000031,55277,1,0,0,0,0,0,0,0,0,0,0,0,0,9,2,28,2,normal
0.000027,3306,1,0,0,0,0,0,0,0,0,0,0,0,0,10,2,29,7,normal
0.000012,52076,1,0,0,0,0,0,0,0,0,0,0,0,0,11,3,30,3,normal
0.000021,57790,1,0,0,0,0,0,0,0,0,0,0,0,0,16,0,22,0,normal
0.000030,55277,1,0,0,0,0,0,0,0,0,0,0,0,0,12,3,31,3,normal
0.000020,51528,1,0,0,0,0,0,0,0,0,0,0,0,0,5,0,19,0,normal
0.000021,57790,1,0,0,0,0,0,0,0,0,0,0,0,0,17,1,22,1,normal
0.000023,55277,1,0,0,0,0,0,0,0,0,0,0,0,0,9,4,30,4,normal
0.000021,51528,1,0,0,0,0,0,0,0,0,0,0,0,0,5,1,19,1,normal
0.000020,57790,1,0,0,0,0,0,0,0,0,0,0,0,0,5,2,22,2,normal
0.000018,57009,1,0,0,0,0,0,0,0,0,0,0,0,0,15,0,27,0,normal
0.000021,51528,1,0,0,0,0,0,0,0,0,0,0,0,0,6,2,20,2,normal
0.000021,1720,1,0,0,0,0,0,0,0,0,0,0,0,0,6,1,23,1,normal
0.000019,57009,1,0,0,0,0,0,0,0,0,0,0,0,0,16,1,28,1,normal
0.000021,51528,1,0,0,0,0,0,0,0,0,0,0,0,0,7,3,20,3,normal
0.000021,57790,1,0,0,0,0,0,0,0,0,0,0,0,0,7,3,24,3,normal
0.000031,45393,1,0,0,0,0,0,0,0,0,0,0,0,0,17,3,29,3,normal
0.000020,139,1,0,0,0,0,0,0,0,0,0,0,0,0,18,0,30,2,normal
0.000020,45393,1,0,0,0,0,0,0,0,0,0,0,0,0,19,4,31,4,normal
0.000020,57790,1,0,0,0,0,0,0,0,0,0,0,0,0,8,4,25,4,normal
0.000006,65269,1,0,0,0,0,0,0,0,0,0,0,0,0,9,0,26,0,normal
0.000020,57009,1,0,0,0,0,0,0,0,0,0,0,0,0,20,2,32,2,normal
0.000021,45393,1,0,0,0,0,0,0,0,0,0,0,0,0,12,4,33,5,normal
0.000020,65269,1,0,0,0,0,0,0,0,0,0,0,0,0,7,1,27,1,normal
0.000006,57790,1,0,0,0,0,0,0,0,0,0,0,0,0,8,5,28,5,normal
0.000019,57009,1,0,0,0,0,0,0,0,0,0,0,0,0,13,3,34,3,normal
0.000019,45393,1,0,0,0,0,0,0,0,0,0,0,0,0,14,5,35,6,normal
0.000019,65269,1,0,0,0,0,0,0,0,0,0,0,0,0,9,2,28,2,normal
0.000019,57009,1,0,0,0,0,0,0,0,0,0,0,0,0,15,4,36,4,normal
0.000022,58156,1,0,0,0,0,0,0,0,0,0,0,0,0,4,0,18,0,normal
0.000020,59261,1,0,0,0,0,0,0,0,0,0,0,0,0,10,0,29,0,normal
0.000013,65269,1,0,0,0,0,0,0,0,0,0,0,0,0,11,3,29,3,normal
0.000020,57009,1,0,0,0,0,0,0,0,0,0,0,0,0,16,5,37,5,normal
0.000021,58156,1,0,0,0,0,0,0,0,0,0,0,0,0,5,1,17,1,normal
0.000020,59261,1,0,0,0,0,0,0,0,0,0,0,0,0,12,1,30,1,normal
0.000018,65269,1,0,0,0,0,0,0,0,0,0,0,0,0,13,4,31,4,normal
0.000011,62768,1,0,0,0,0,0,0,0,0,0,0,0,0,14,0,32,0,normal
0.000021,58156,1,0,0,0,0,0,0,0,0,0,0,0,0,6,2,17,2,normal
0.000021,59261,1,0,0,0,0,0,0,0,0,0,0,0,0,15,2,33,2,normal
0.000006,29619,1,0,0,0,0,0,0,0,0,0,0,0,0,7,0,16,0,normal
0.000018,62768,1,0,0,0,0,0,0,0,0,0,0,0,0,14,1,34,1,normal
0.000026,3306,1,0,0,0,0,0,0,0,0,0,0,0,0,15,0,35,4,normal
0.000022,29619,1,0,0,0,0,0,0,0,0,0,0,0,0,7,1,16,1,normal
0.000007,58156,1,0,0,0,0,0,0,0,0,0,0,0,0,8,3,17,3,normal
0.000019,62768,1,0,0,0,0,0,0,0,0,0,0,0,0,16,2,36,2,normal
0.000018,59261,1,0,0,0,0,0,0,0,0,0,0,0,0,17,3,37,3,normal
0.000020,139,1,0,0,0,0,0,0,0,0,0,0,0,0,18,1,38,2,normal
0.000020,29619,1,0,0,0,0,0,0,0,0,0,0,0,0,9,2,16,2,normal
0.000016,1720,1,0,0,0,0,0,0,0,0,0,0,0,0,10,1,16,2,normal
0.000030,59261,1,0,0,0,0,0,0,0,0,0,0,0,0,19,4,39,4,normal
0.000018,29619,1,0,0,0,0,0,0,0,0,0,0,0,0,11,3,17,3,normal
0.000012,58156,1,0,0,0,0,0,0,0,0,0,0,0,0,12,4,18,4,normal
0.000020,29085,1,0,0,0,0,0,0,0,0,0,0,0,0,5,0,27,0,normal
0.000020,62310,1,0,0,0,0,0,0,0,0,0,0,0,0,6,0,28,0,normal
0.000020,29085,1,0,0,0,0,0,0,0,0,0,0,0,0,7,1,29,1,normal
0.000021,62310,1,0,0,0,0,0,0,0,0,0,0,0,0,8,1,30,1,normal
0.000023,3306,1,0,0,0,0,0,0,0,0,0,0,0,0,0,1,14,4,normal
0.000021,50331,1,0,0,0,0,0,0,0,0,0,0,0,0,1,0,15,0,normal
0.000023,50331,1,0,0,0,0,0,0,0,0,0,0,0,0,2,1,15,1,normal
0.000029,50331,1,0,0,0,0,0,0,0,0,0,0,0,0,3,2,16,2,normal
0.000022,50331,1,0,0,0,0,0,0,0,0,0,0,0,0,4,3,17,3,normal
0.000020,23212,1,0,0,0,0,0,0,0,0,0,0,0,0,0,0,19,0,normal
0.000022,3306,1,0,0,0,0,0,0,0,0,0,0,0,0,5,1,17,4,normal
0.000022,23212,1,0,0,0,0,0,0,0,0,0,0,0,0,1,1,20,1,normal
0.000021,23212,1,0,0,0,0,0,0,0,0,0,0,0,0,2,2,21,2,normal
0.000023,23212,1,0,0,0,0,0,0,0,0,0,0,0,0,3,3,22,3,normal
0.000033,23212,1,0,0,0,0,0,0,0,0,0,0,0,0,4,4,23,4,normal
0.000023,139,1,0,0,0,0,0,0,0,0,0,0,0,0,5,0,24,2,normal
0.000022,64889,1,0,0,0,0,0,0,0,0,0,0,0,0,6,0,25,0,normal
0.000024,64889,1,0,0,0,0,0,0,0,0,0,0,0,0,6,1,26,1,normal
0.000021,362,1,0,0,0,0,0,0,0,0,0,0,0,0,7,0,27,0,normal
0.000023,64889,1,0,0,0,0,0,0,0,0,0,0,0,0,8,2,27,2,normal
0.000021,362,1,0,0,0,0,0,0,0,0,0,0,0,0,9,1,28,1,normal
0.000036,64889,1,0,0,0,0,0,0,0,0,0,0,0,0,10,3,29,3,normal
0.000000,3306,5,0,0,0,0,0,0,0,0,0,0,0,0,11,0,30,5,normal
0.000022,39353,1,0,0,0,0,0,0,0,0,0,0,0,0,0,0,16,0,normal
0.000024,1720,1,0,0,0,0,0,0,0,0,0,0,0,0,1,0,17,3,normal
0.000021,23942,1,0,0,0,0,0,0,0,0,0,0,0,0,2,0,18,0,normal
0.000023,39353,1,0,0,0,0,0,0,0,0,0,0,0,0,3,1,19,1,normal
0.000019,23942,1,0,0,0,0,0,0,0,0,0,0,0,0,4,1,20,1,normal
0.000019,6628,1,0,0,0,0,0,0,0,0,0,0,0,0,5,0,21,0,normal
0.217938,22,0,0,188,0,0,0,0,0,0,0,0,0,0,0,0,0,0,normal
0.217516,22,0,0,188,0,0,0,0,0,0,0,0,0,0,0,0,0,1,normal
0.192381,22,0,0,188,0,0,0,0,0,0,0,0,0,0,0,0,0,2,normal
0.000019,83,1,0,0,0,0,0,0,0,0,0,0,0,0,0,0,1,0,normal
0.000020,23,1,0,0,0,0,0,0,0,0,0,0,0,0,0,0,1,0,normal
0.000022,23,1,0,0,0,0,0,0,0,0,0,0,0,0,0,0,2,1,normal
0.299904,8929,1,0,0,0,0,0,0,0,0,0,0,0,0,0,0,3,0,normal
0.000027,8545,1,0,0,0,0,0,0,0,0,0,0,0,0,0,0,4,0,normal
0.000021,23,1,0,0,0,0,0,0,0,0,0,0,0,0,0,0,5,2,normal
0.000022,1433,1,0,0,0,0,0,0,0,0,0,0,0,0,0,0,6,0,normal
0.000000,5060,5,0,0,0,0,0,0,0,0,0,0,0,0,0,0,7,0,normal
0.000000,3,10,0,0,0,0,0,0,0,0,0,0,0,0,0,0,0,0,normal
0.000000,389,0,0,0,0,0,0,0,0,0,0,0,0,0,0,0,2,0,normal
0.000000,3,10,0,0,0,0,0,0,0,0,0,0,0,0,0,1,0,1,normal
0.000000,11211,5,0,0,0,0,0,0,0,0,0,0,0,0,0,0,3,0,normal
0.000000,3,10,0,0,0,0,0,0,0,0,0,0,0,0,0,0,0,2,normal
0.000020,23,1,0,0,0,0,0,0,0,0,0,0,0,0,0,0,8,3,normal
0.000028,23,1,0,0,0,0,0,0,0,0,0,0,0,0,0,0,1,4,normal
0.000019,445,1,0,0,0,0,0,0,0,0,0,0,0,0,0,0,9,0,normal
0.000019,445,1,0,0,0,0,0,0,0,0,0,0,0,0,1,1,10,1,normal
0.000021,23,1,0,0,0,0,0,0,0,0,0,0,0,0,0,0,4,5,normal
0.000021,8545,1,0,0,0,0,0,0,0,0,0,0,0,0,0,0,5,1,normal
0.000000,123,0,0,0,0,0,0,0,0,0,0,0,0,0,0,0,2,0,normal
0.000000,3,10,0,0,0,0,0,0,0,0,0,0,0,0,0,0,0,3,normal
0.000019,37777,1,0,0,0,0,0,0,0,0,0,0,0,0,0,0,6,0,normal
0.000000,123,0,0,0,0,0,0,0,0,0,0,0,0,0,0,0,0,1,normal
0.146663,123,5,0,0,0,0,0,0,0,0,0,0,0,0,1,1,1,2,normal
0.000000,123,0,0,0,0,0,0,0,0,0,0,0,0,0,0,0,0,3,normal
0.151076,123,5,0,0,0,0,0,0,0,0,0,0,0,0,1,1,1,4,normal
0.000000,123,0,0,0,0,0,0,0,0,0,0,0,0,0,2,2,2,5,normal
0.146447,123,5,0,0,0,0,0,0,0,0,0,0,0,0,3,3,3,6,normal
2.277578,22,9,1123,1969,0,0,0,0,0,0,0,0,0,0,0,0,3,3,normal
0.000020,80,1,0,0,0,0,0,0,0,0,0,0,0,0,0,0,11,0,normal
0.187515,7778,1,0,0,0,0,0,0,0,0,0,0,0,0,0,0,12,0,normal
0.000027,23,1,0,0,0,0,0,0,0,0,0,0,0,0,0,0,4,6,normal
0.000019,23,1,0,0,0,0,0,0,0,0,0,0,0,0,1,1,5,7,normal
0.000022,1433,1,0,0,0,0,0,0,0,0,0,0,0,0,0,0,7,1,normal
0.000020,8889,1,0,0,0,0,0,0,0,0,0,0,0,0,0,0,6,0,normal
0.000000,8,10,0,0,0,0,0,0,0,0,0,0,0,0,0,0,7,0,normal
0.000020,8,9,0,32,0,0,0,0,0,0,0,0,0,0,1,1,8,1,normal
1.002671,8,9,0,0,0,0,0,0,0,0,0,0,0,0,2,2,9,2,normal
1.002691,8,9,0,32,0,0,0,0,0,0,0,0,0,0,3,3,10,3,normal
2.011343,8,9,0,0,0,0,0,0,0,0,0,0,0,0,4,4,11,4,normal
2.011363,8,9,0,32,0,0,0,0,0,0,0,0,0,0,5,5,12,5,normal
3.013170,8,9,0,0,0,0,0,0,0,0,0,0,0,0,6,6,13,6,normal
3.013192,8,9,0,32,0,0,0,0,0,0,0,0,0,0,7,7,14,7,normal
4.220227,8,9,0,0,0,0,0,0,0,0,0,0,0,0,8,8,15,8,normal
4.220247,8,9,0,32,0,0,0,0,0,0,0,0,0,0,9,9,16,9,normal
5.224995,8,9,0,0,0,0,0,0,0,0,0,0,0,0,10,10,17,10,normal
5.225014,8,9,0,32,0,0,0,0,0,0,0,0,0,0,11,11,18,11,normal
6.228353,8,9,0,0,0,0,0,0,0,0,0,0,0,0,12,12,19,12,normal
6.228381,8,9,0,32,0,0,0,0,0,0,0,0,0,0,13,13,20,13,normal
7.232827,8,9,0,0,0,0,0,0,0,0,0,0,0,0,14,14,21,14,normal
7.232848,8,9,0,32,0,0,0,0,0,0,0,0,0,0,15,15,22,15,normal
10.649667,8,9,0,0,0,0,0,0,0,0,0,0,0,0,16,16,23,16,normal
10.649686,8,9,0,32,0,0,0,0,0,0,0,0,0,0,17,17,24,17,normal
11.658949,8,9,0,0,0,0,0,0,0,0,0,0,0,0,18,18,25,18,normal
11.658970,8,9,0,32,0,0,0,0,0,0,0,0,0,0,19,19,26,19,normal
12.657895,8,9,0,0,0,0,0,0,0,0,0,0,0,0,20,20,27,20,normal
12.657914,8,9,0,32,0,0,0,0,0,0,0,0,0,0,21,21,28,21,normal
13.661009,8,9,0,0,0,0,0,0,0,0,0,0,0,0,22,22,29,22,normal
0.000022,2323,1,0,0,0,0,0,0,0,0,0,0,0,0,0,0,13,0,normal
0.000021,8888,1,0,0,0,0,0,0,0,0,0,0,0,0,0,0,8,0,normal
0.000000,8,10,0,0,0,0,0,0,0,0,0,0,0,0,0,0,9,23,normal
0.000020,8,9,0,32,0,0,0,0,0,0,0,0,0,0,1,1,10,24,normal
1.002892,8,9,0,0,0,0,0,0,0,0,0,0,0,0,2,2,11,25,normal
1.002911,8,9,0,32,0,0,0,0,0,0,0,0,0,0,3,3,12,26,normal
2.012793,8,9,0,0,0,0,0,0,0,0,0,0,0,0,4,4,13,27,normal
2.012813,8,9,0,32,0,0,0,0,0,0,0,0,0,0,5,5,14,28,normal
3.022431,8,9,0,0,0,0,0,0,0,0,0,0,0,0,6,6,15,29,normal
3.022451,8,9,0,32,0,0,0,0,0,0,0,0,0,0,7,7,16,30,normal
6.828417,8,9,0,0,0,0,0,0,0,0,0,0,0,0,8,8,17,31,normal
6.828437,8,9,0,32,0,0,0,0,0,0,0,0,0,0,9,9,18,32,normal
7.832482,8,9,0,0,0,0,0,0,0,0,0,0,0,0,10,10,19,33,normal
7.832503,8,9,0,32,0,0,0,0,0,0,0,0,0,0,11,11,20,34,normal
8.840529,8,9,0,0,0,0,0,0,0,0,0,0,0,0,12,12,21,35,normal
8.840549,8,9,0,32,0,0,0,0,0,0,0,0,0,0,13,13,22,36,normal
9.853160,8,9,0,0,0,0,0,0,0,0,0,0,0,0,14,14,23,37,normal
9.853179,8,9,0,32,0,0,0,0,0,0,0,0,0,0,15,15,24,38,normal
10.849402,8,9,0,0,0,0,0,0,0,0,0,0,0,0,16,16,25,39,normal
10.849422,8,9,0,32,0,0,0,0,0,0,0,0,0,0,17,17,26,40,normal
11.852721,8,9,0,0,0,0,0,0,0,0,0,0,0,0,18,18,27,41,normal
11.852742,8,9,0,32,0,0,0,0,0,0,0,0,0,0,19,19,28,42,normal
12.858866,8,9,0,0,0,0,0,0,0,0,0,0,0,0,20,20,29,43,normal
12.858885,8,9,0,32,0,0,0,0,0,0,0,0,0,0,21,21,30,44,normal
13.862614,8,9,0,0,0,0,0,0,0,0,0,0,0,0,22,22,31,45,normal
13.862633,8,9,0,32,0,0,0,0,0,0,0,0,0,0,23,23,32,46,normal
14.771709,8,9,0,0,0,0,0,0,0,0,0,0,0,0,24,24,33,47,normal
14.771729,8,9,0,32,0,0,0,0,0,0,0,0,0,0,25,25,34,48,normal
15.776473,8,9,0,0,0,0,0,0,0,0,0,0,0,0,26,26,35,49,normal
15.776494,8,9,0,32,0,0,0,0,0,0,0,0,0,0,27,27,36,50,normal
16.779972,8,9,0,0,0,0,0,0,0,0,0,0,0,0,28,28,37,51,normal
16.779992,8,9,0,32,0,0,0,0,0,0,0,0,0,0,29,29,38,52,normal
17.784907,8,9,0,0,0,0,0,0,0,0,0,0,0,0,30,30,39,53,normal
0.000019,23,1,0,0,0,0,0,0,0,0,0,0,0,0,0,0,14,8,normal
0.000000,8,10,0,0,0,0,0,0,0,0,0,0,0,0,0,0,15,54,normal
0.000026,8,9,0,32,0,0,0,0,0,0,0,0,0,0,1,1,16,55,normal
0.000019,23,1,0,0,0,0,0,0,0,0,0,0,0,0,2,0,17,9,normal
0.994800,8,9,0,0,0,0,0,0,0,0,0,0,0,0,2,2,18,56,normal
0.994809,8,9,0,32,0,0,0,0,0,0,0,0,0,0,3,3,19,57,normal
2.011592,8,9,0,0,0,0,0,0,0,0,0,0,0,0,4,4,20,58,normal
2.011617,8,9,0,32,0,0,0,0,0,0,0,0,0,0,5,5,21,59,normal
3.002961,8,9,0,0,0,0,0,0,0,0,0,0,0,0,6,6,22,60,normal
3.002980,8,9,0,32,0,0,0,0,0,0,0,0,0,0,7,7,22,61,normal
4.011158,8,9,0,0,0,0,0,0,0,0,0,0,0,0,8,8,22,62,normal
4.011179,8,9,0,32,0,0,0,0,0,0,0,0,0,0,9,9,23,63,normal
5.015954,8,9,0,0,0,0,0,0,0,0,0,0,0,0,10,10,23,64,normal
5.015973,8,9,0,32,0,0,0,0,0,0,0,0,0,0,11,11,23,65,normal
6.022754,8,9,0,0,0,0,0,0,0,0,0,0,0,0,12,12,23,66,normal
6.022775,8,9,0,32,0,0,0,0,0,0,0,0,0,0,13,13,23,67,normal
0.213262,22,0,0,188,0,0,0,0,0,0,0,0,0,0,0,0,0,1,normal
0.000000,8,10,0,0,0,0,0,0,0,0,0,0,0,0,0,0,1,68,normal
0.000029,8,9,0,32,0,0,0,0,0,0,0,0,0,0,1,1,2,69,normal
1.006146,8,9,0,0,0,0,0,0,0,0,0,0,0,0,2,2,3,70,normal
1.006175,8,9,0,32,0,0,0,0,0,0,0,0,0,0,3,3,4,71,normal
2.009039,8,9,0,0,0,0,0,0,0,0,0,0,0,0,4,4,5,72,normal
2.009066,8,9,0,32,0,0,0,0,0,0,0,0,0,0,5,5,6,73,normal
3.011486,8,9,0,0,0,0,0,0,0,0,0,0,0,0,6,6,7,74,normal
3.011513,8,9,0,32,0,0,0,0,0,0,0,0,0,0,7,7,8,75,normal
5.018464,8,9,0,0,0,0,0,0,0,0,0,0,0,0,8,8,9,76,normal
5.018488,8,9,0,32,0,0,0,0,0,0,0,0,0,0,9,9,10,77,normal
6.023027,8,9,0,0,0,0,0,0,0,0,0,0,0,0,10,10,11,78,normal
6.023056,8,9,0,32,0,0,0,0,0,0,0,0,0,0,11,11,12,79,normal
7.027759,8,9,0,0,0,0,0,0,0,0,0,0,0,0,12,12,13,80,normal
7.027786,8,9,0,32,0,0,0,0,0,0,0,0,0,0,13,13,14,81,normal
8.032751,8,9,0,0,0,0,0,0,0,0,0,0,0,0,14,14,15,82,normal
8.032779,8,9,0,32,0,0,0,0,0,0,0,0,0,0,15,15,16,83,normal
9.036011,8,9,0,0,0,0,0,0,0,0,0,0,0,0,16,16,17,84,normal
9.036038,8,9,0,32,0,0,0,0,0,0,0,0,0,0,17,17,18,85,normal
10.040940,8,9,0,0,0,0,0,0,0,0,0,0,0,0,18,18,19,86,normal
10.040968,8,9,0,32,0,0,0,0,0,0,0,0,0,0,19,19,20,87,normal
11.045009,8,9,0,0,0,0,0,0,0,0,0,0,0,0,20,20,21,88,normal
11.045038,8,9,0,32,0,0,0,0,0,0,0,0,0,0,21,21,22,89,normal
12.071899,8,9,0,0,0,0,0,0,0,0,0,0,0,0,22,22,23,90,normal
12.071928,8,9,0,32,0,0,0,0,0,0,0,0,0,0,23,23,24,91,normal
12.957171,8,9,0,0,0,0,0,0,0,0,0,0,0,0,24,24,25,92,normal
12.957198,8,9,0,32,0,0,0,0,0,0,0,0,0,0,25,25,26,93,normal
13.960730,8,9,0,0,0,0,0,0,0,0,0,0,0,0,26,26,27,94,normal
13.960757,8,9,0,32,0,0,0,0,0,0,0,0,0,0,27,27,28,95,normal
14.964582,8,9,0,0,0,0,0,0,0,0,0,0,0,0,28,28,29,95,normal
14.964610,8,9,0,32,0,0,0,0,0,0,0,0,0,0,29,29,30,95,normal
15.969863,8,9,0,0,0,0,0,0,0,0,0,0,0,0,30,30,31,95,normal
15.969896,8,9,0,32,0,0,0,0,0,0,0,0,0,0,31,31,32,95,normal
0.000030,4567,1,0,0,0,0,0,0,0,0,0,0,0,0,0,0,33,0,normal
26.718970,8,9,0,0,0,0,0,0,0,0,0,0,0,0,32,32,34,94,normal
26.718996,8,9,0,32,0,0,0,0,0,0,0,0,0,0,33,33,35,94,normal
27.725575,8,9,0,0,0,0,0,0,0,0,0,0,0,0,34,34,36,94,normal
27.725601,8,9,0,32,0,0,0,0,0,0,0,0,0,0,35,35,37,94,normal
28.724124,8,9,0,0,0,0,0,0,0,0,0,0,0,0,36,36,38,94,normal
28.724150,8,9,0,32,0,0,0,0,0,0,0,0,0,0,37,37,39,94,normal
29.728374,8,9,0,0,0,0,0,0,0,0,0,0,0,0,38,38,40,94,normal
29.728399,8,9,0,32,0,0,0,0,0,0,0,0,0,0,39,39,41,94,normal
30.637627,8,9,0,0,0,0,0,0,0,0,0,0,0,0,40,40,42,94,normal
30.637660,8,9,0,32,0,0,0,0,0,0,0,0,0,0,41,41,43,94,normal
31.643507,8,9,0,0,0,0,0,0,0,0,0,0,0,0,42,42,44,94,normal
31.643533,8,9,0,32,0,0,0,0,0,0,0,0,0,0,43,43,45,94,normal
32.647227,8,9,0,0,0,0,0,0,0,0,0,0,0,0,44,44,46,94,normal
32.647260,8,9,0,32,0,0,0,0,0,0,0,0,0,0,45,45,47,94,normal
33.652128,8,9,0,0,0,0,0,0,0,0,0,0,0,0,46,46,48,94,normal
33.652156,8,9,0,32,0,0,0,0,0,0,0,0,0,0,47,47,49,94,normal
35.059448,8,9,0,0,0,0,0,0,0,0,0,0,0,0,48,48,50,94,normal
35.059474,8,9,0,32,0,0,0,0,0,0,0,0,0,0,49,49,51,94,normal
36.063511,8,9,0,0,0,0,0,0,0,0,0,0,0,0,50,50,52,95,normal
36.063566,8,9,0,32,0,0,0,0,0,0,0,0,0,0,51,51,53,96,normal
37.070842,8,9,0,0,0,0,0,0,0,0,0,0,0,0,52,52,54,96,normal
37.070868,8,9,0,32,0,0,0,0,0,0,0,0,0,0,53,53,55,96,normal
38.074460,8,9,0,0,0,0,0,0,0,0,0,0,0,0,54,54,56,96,normal
38.074488,8,9,0,32,0,0,0,0,0,0,0,0,0,0,55,55,57,96,normal
39.176854,8,9,0,0,0,0,0,0,0,0,0,0,0,0,56,56,58,96,normal
39.176882,8,9,0,32,0,0,0,0,0,0,0,0,0,0,57,57,59,96,normal
40.180937,8,9,0,0,0,0,0,0,0,0,0,0,0,0,58,58,60,96,normal
40.180963,8,9,0,32,0,0,0,0,0,0,0,0,0,0,59,59,61,96,normal
41.185037,8,9,0,0,0,0,0,0,0,0,0,0,0,0,60,60,62,96,normal
41.185065,8,9,0,32,0,0,0,0,0,0,0,0,0,0,61,61,63,96,normal
42.189123,8,9,0,0,0,0,0,0,0,0,0,0,0,0,62,62,64,96,normal
42.189152,8,9,0,32,0,0,0,0,0,0,0,0,0,0,63,63,65,96,normal
43.199586,8,9,0,0,0,0,0,0,0,0,0,0,0,0,64,64,66,96,normal
43.199613,8,9,0,32,0,0,0,0,0,0,0,0,0,0,65,65,67,96,normal
0.000030,23,1,0,0,0,0,0,0,0,0,0,0,0,0,0,0,68,2,normal
44.202275,8,9,0,0,0,0,0,0,0,0,0,0,0,0,66,66,69,95,normal
44.202301,8,9,0,32,0,0,0,0,0,0,0,0,0,0,67,67,70,95,normal
45.204042,8,9,0,0,0,0,0,0,0,0,0,0,0,0,68,68,71,95,normal
45.204069,8,9,0,32,0,0,0,0,0,0,0,0,0,0,69,69,72,95,normal
46.207866,8,9,0,0,0,0,0,0,0,0,0,0,0,0,70,70,73,95,normal
46.207895,8,9,0,32,0,0,0,0,0,0,0,0,0,0,71,71,74,95,normal
60.682502,8,9,0,0,0,0,0,0,0,0,0,0,0,0,72,72,75,95,normal
60.682529,8,9,0,32,0,0,0,0,0,0,0,0,0,0,73,73,76,95,normal
61.686633,8,9,0,0,0,0,0,0,0,0,0,0,0,0,74,74,77,95,normal
61.686667,8,9,0,32,0,0,0,0,0,0,0,0,0,0,75,75,78,95,normal
62.691567,8,9,0,0,0,0,0,0,0,0,0,0,0,0,76,76,79,95,normal
62.691595,8,9,0,32,0,0,0,0,0,0,0,0,0,0,77,77,80,95,normal
63.695440,8,9,0,0,0,0,0,0,0,0,0,0,0,0,78,78,81,95,normal
63.695477,8,9,0,32,0,0,0,0,0,0,0,0,0,0,79,79,82,95,normal
0.197989,22,0,0,188,0,0,0,0,0,0,0,0,0,0,0,0,0,0,normal
0.000018,40594,1,0,0,0,0,0,0,0,0,0,0,0,0,0,0,1,0,normal
0.000018,445,1,0,0,0,0,0,0,0,0,0,0,0,0,0,0,2,0,normal
0.000020,445,1,0,0,0,0,0,0,0,0,0,0,0,0,1,1,3,1,normal
0.000019,40594,1,0,0,0,0,0,0,0,0,0,0,0,0,0,0,4,1,normal
0.000019,40594,1,0,0,0,0,0,0,0,0,0,0,0,0,0,0,5,2,normal
0.000020,40594,1,0,0,0,0,0,0,0,0,0,0,0,0,1,1,6,3,normal
0.000020,40594,1,0,0,0,0,0,0,0,0,0,0,0,0,2,2,7,4,normal
0.000020,40594,1,0,0,0,0,0,0,0,0,0,0,0,0,3,3,8,5,normal
0.000017,40594,1,0,0,0,0,0,0,0,0,0,0,0,0,4,4,9,6,normal
0.000018,40594,1,0,0,0,0,0,0,0,0,0,0,0,0,5,5,10,7,normal
0.000019,40594,1,0,0,0,0,0,0,0,0,0,0,0,0,6,6,11,8,normal
0.000018,40594,1,0,0,0,0,0,0,0,0,0,0,0,0,5,5,12,9,normal
0.000019,8112,1,0,0,0,0,0,0,0,0,0,0,0,0,1,0,13,0,normal
0.000026,8112,1,0,0,0,0,0,0,0,0,0,0,0,0,1,1,14,1,normal
0.000020,8112,1,0,0,0,0,0,0,0,0,0,0,0,0,2,2,15,2,normal
0.000021,40594,1,0,0,0,0,0,0,0,0,0,0,0,0,0,0,16,10,normal
0.000019,40594,1,0,0,0,0,0,0,0,0,0,0,0,0,1,1,17,11,normal
0.000020,102,1,0,0,0,0,0,0,0,0,0,0,0,0,1,0,18,0,normal
0.000020,40594,1,0,0,0,0,0,0,0,0,0,0,0,0,0,0,19,12,normal
0.230250,22,0,0,188,0,0,0,0,0,0,0,0,0,0,0,0,0,1,normal
0.000021,40594,1,0,0,0,0,0,0,0,0,0,0,0,0,0,0,20,13,normal
0.169754,5644,1,0,0,0,0,0,0,0,0,0,0,0,0,0,0,21,0,normal
0.183483,22,2,0,0,0,0,0,0,0,0,0,0,0,0,0,0,1,2,normal
0.191213,61490,1,0,0,0,0,0,0,0,0,0,0,0,0,0,0,22,0,normal
0.000019,23,1,0,0,0,0,0,0,0,0,0,0,0,0,0,0,23,0,normal
0.000018,23,1,0,0,0,0,0,0,0,0,0,0,0,0,0,0,2,1,normal
0.000019,40594,1,0,0,0,0,0,0,0,0,0,0,0,0,0,0,24,14,normal
0.000018,23,1,0,0,0,0,0,0,0,0,0,0,0,0,0,0,25,2,normal
110.828801,22,0,36,224,0,0,0,0,0,0,0,0,0,0,0,0,0,3,normal
0.000021,23,1,0,0,0,0,0,0,0,0,0,0,0,0,0,0,3,3,normal
0.000000,123,0,0,0,0,0,0,0,0,0,0,0,0,0,0,0,0,0,normal
0.083635,123,5,0,0,0,0,0,0,0,0,0,0,0,0,1,1,1,1,normal
0.000000,123,0,0,0,0,0,0,0,0,0,0,0,0,0,0,2,0,2,normal
0.164557,123,5,0,0,0,0,0,0,0,0,0,0,0,0,1,3,1,3,normal
0.172946,5633,1,0,0,0,0,0,0,0,0,0,0,0,0,0,0,1,0,normal
0.000032,40594,1,0,0,0,0,0,0,0,0,0,0,0,0,0,0,26,15,normal
0.000020,445,1,0,0,0,0,0,0,0,0,0,0,0,0,0,0,2,2,normal
0.000020,445,1,0,0,0,0,0,0,0,0,0,0,0,0,1,1,3,3,normal
0.000000,123,0,0,0,0,0,0,0,0,0,0,0,0,0,0,0,0,4,normal
0.167389,123,5,0,0,0,0,0,0,0,0,0,0,0,0,1,1,1,5,normal
0.000019,2086,1,0,0,0,0,0,0,0,0,0,0,0,0,0,0,4,0,normal
0.000019,2086,1,0,0,0,0,0,0,0,0,0,0,0,0,0,0,27,1,normal
0.000019,40594,1,0,0,0,0,0,0,0,0,0,0,0,0,0,0,28,16,normal
0.000020,25,1,0,0,0,0,0,0,0,0,0,0,0,0,0,0,29,0,normal
0.000019,23,1,0,0,0,0,0,0,0,0,0,0,0,0,0,0,4,4,normal
0.261048,8245,1,0,0,0,0,0,0,0,0,0,0,0,0,0,0,5,0,normal
0.000030,40594,1,0,0,0,0,0,0,0,0,0,0,0,0,0,0,30,17,normal
0.176487,11222,1,0,0,0,0,0,0,0,0,0,0,0,0,0,0,5,0,normal
0.000000,5060,5,0,0,0,0,0,0,0,0,0,0,0,0,0,0,6,0,normal
0.000000,3,10,0,0,0,0,0,0,0,0,0,0,0,0,0,0,0,0,normal
0.000000,5060,5,0,0,0,0,0,0,0,0,0,0,0,0,0,0,7,1,normal
0.000000,3,10,0,0,0,0,0,0,0,0,0,0,0,0,0,0,0,1,normal
0.000019,102,1,0,0,0,0,0,0,0,0,0,0,0,0,0,0,8,1,normal
0.203355,5107,1,0,0,0,0,0,0,0,0,0,0,0,0,0,0,9,0,normal
0.000021,7547,1,0,0,0,0,0,0,0,0,0,0,0,0,0,0,6,0,normal
0.000000,8,10,0,0,0,0,0,0,0,0,0,0,0,0,0,0,10,0,normal
0.000021,8,9,0,56,0,0,0,0,0,0,0,0,0,0,1,1,11,1,normal
1.002654,8,9,0,0,0,0,0,0,0,0,0,0,0,0,2,2,12,2,normal
1.002673,8,9,0,56,0,0,0,0,0,0,0,0,0,0,3,3,13,3,normal
2.003311,8,9,0,0,0,0,0,0,0,0,0,0,0,0,4,4,14,4,normal
2.003336,8,9,0,56,0,0,0,0,0,0,0,0,0,0,5,5,15,5,normal
3.003641,8,9,0,0,0,0,0,0,0,0,0,0,0,0,6,6,16,6,normal
3.003659,8,9,0,56,0,0,0,0,0,0,0,0,0,0,7,7,17,7,normal
4.006772,8,9,0,0,0,0,0,0,0,0,0,0,0,0,8,8,18,8,normal
4.006791,8,9,0,56,0,0,0,0,0,0,0,0,0,0,9,9,19,9,normal
5.010822,8,9,0,0,0,0,0,0,0,0,0,0,0,0,10,10,20,10,normal
5.010836,8,9,0,56,0,0,0,0,0,0,0,0,0,0,11,11,21,11,normal
6.012321,8,9,0,0,0,0,0,0,0,0,0,0,0,0,12,12,22,12,normal
6.012340,8,9,0,56,0,0,0,0,0,0,0,0,0,0,13,13,23,13,normal
7.012484,8,9,0,0,0,0,0,0,0,0,0,0,0,0,14,14,24,14,normal
7.012503,8,9,0,56,0,0,0,0,0,0,0,0,0,0,15,15,25,15,normal
8.013074,8,9,0,0,0,0,0,0,0,0,0,0,0,0,16,16,26,16,normal
8.013109,8,9,0,56,0,0,0,0,0,0,0,0,0,0,17,17,27,17,normal
9.024362,8,9,0,0,0,0,0,0,0,0,0,0,0,0,18,18,28,18,normal
9.024381,8,9,0,56,0,0,0,0,0,0,0,0,0,0,19,19,29,19,normal
10.019150,8,9,0,0,0,0,0,0,0,0,0,0,0,0,20,20,30,20,normal
10.019168,8,9,0,56,0,0,0,0,0,0,0,0,0,0,21,21,31,21,normal
11.019492,8,9,0,0,0,0,0,0,0,0,0,0,0,0,22,22,32,22,normal
11.019511,8,9,0,56,0,0,0,0,0,0,0,0,0,0,23,23,33,23,normal
12.209306,8,9,0,0,0,0,0,0,0,0,0,0,0,0,24,24,34,24,normal
12.209326,8,9,0,56,0,0,0,0,0,0,0,0,0,0,25,25,35,25,normal
13.021343,8,9,0,0,0,0,0,0,0,0,0,0,0,0,26,26,36,26,normal
13.021363,8,9,0,56,0,0,0,0,0,0,0,0,0,0,27,27,37,27,normal
14.023118,8,9,0,0,0,0,0,0,0,0,0,0,0,0,28,28,38,28,normal
14.023137,8,9,0,56,0,0,0,0,0,0,0,0,0,0,29,29,39,29,normal
15.024423,8,9,0,0,0,0,0,0,0,0,0,0,0,0,30,30,40,30,normal
15.024443,8,9,0,56,0,0,0,0,0,0,0,0,0,0,31,31,41,31,normal
16.027325,8,9,0,0,0,0,0,0,0,0,0,0,0,0,32,32,42,32,normal
16.027344,8,9,0,56,0,0,0,0,0,0,0,0,0,0,33,33,43,33,normal
17.028113,8,9,0,0,0,0,0,0,0,0,0,0,0,0,34,34,44,34,normal
17.028133,8,9,0,56,0,0,0,0,0,0,0,0,0,0,35,35,45,35,normal
18.029209,8,9,0,0,0,0,0,0,0,0,0,0,0,0,36,36,46,36,normal
18.029230,8,9,0,56,0,0,0,0,0,0,0,0,0,0,37,37,47,37,normal
19.031175,8,9,0,0,0,0,0,0,0,0,0,0,0,0,38,38,48,38,normal
0.267908,34640,1,0,0,0,0,0,0,0,0,0,0,0,0,0,0,7,0,normal
0.000000,8,10,0,0,0,0,0,0,0,0,0,0,0,0,0,0,8,39,normal
0.000021,8,9,0,56,0,0,0,0,0,0,0,0,0,0,1,1,9,40,normal
1.003356,8,9,0,0,0,0,0,0,0,0,0,0,0,0,2,2,10,41,normal
1.003377,8,9,0,56,0,0,0,0,0,0,0,0,0,0,3,3,11,42,normal
2.019947,8,9,0,0,0,0,0,0,0,0,0,0,0,0,4,4,12,43,normal
2.019969,8,9,0,56,0,0,0,0,0,0,0,0,0,0,5,5,13,44,normal
3.010816,8,9,0,0,0,0,0,0,0,0,0,0,0,0,6,6,14,45,normal
3.010837,8,9,0,56,0,0,0,0,0,0,0,0,0,0,7,7,15,46,normal
4.010339,8,9,0,0,0,0,0,0,0,0,0,0,0,0,8,8,16,47,normal
4.010360,8,9,0,56,0,0,0,0,0,0,0,0,0,0,9,9,17,48,normal
5.012987,8,9,0,0,0,0,0,0,0,0,0,0,0,0,10,10,18,49,normal
5.013018,8,9,0,56,0,0,0,0,0,0,0,0,0,0,11,11,19,50,normal
6.016141,8,9,0,0,0,0,0,0,0,0,0,0,0,0,12,12,20,51,normal
6.016161,8,9,0,56,0,0,0,0,0,0,0,0,0,0,13,13,21,52,normal
7.015847,8,9,0,0,0,0,0,0,0,0,0,0,0,0,14,14,22,53,normal
7.015867,8,9,0,56,0,0,0,0,0,0,0,0,0,0,15,15,23,54,normal
8.017785,8,9,0,0,0,0,0,0,0,0,0,0,0,0,16,16,24,55,normal
8.017804,8,9,0,56,0,0,0,0,0,0,0,0,0,0,17,17,25,56,normal
9.020508,8,9,0,0,0,0,0,0,0,0,0,0,0,0,18,18,26,57,normal
9.020535,8,9,0,56,0,0,0,0,0,0,0,0,0,0,19,19,27,58,normal
10.023211,8,9,0,0,0,0,0,0,0,0,0,0,0,0,20,20,28,59,normal
10.023231,8,9,0,56,0,0,0,0,0,0,0,0,0,0,21,21,29,60,normal
11.023635,8,9,0,0,0,0,0,0,0,0,0,0,0,0,22,22,30,61,normal
11.023655,8,9,0,56,0,0,0,0,0,0,0,0,0,0,23,23,31,62,normal
12.035530,8,9,0,0,0,0,0,0,0,0,0,0,0,0,24,24,32,63,normal
12.035550,8,9,0,56,0,0,0,0,0,0,0,0,0,0,25,25,33,64,normal
13.028018,8,9,0,0,0,0,0,0,0,0,0,0,0,0,26,26,34,65,normal
13.028038,8,9,0,56,0,0,0,0,0,0,0,0,0,0,27,27,35,66,normal
14.030876,8,9,0,0,0,0,0,0,0,0,0,0,0,0,28,28,36,67,normal
14.030895,8,9,0,56,0,0,0,0,0,0,0,0,0,0,29,29,37,68,normal
15.029935,8,9,0,0,0,0,0,0,0,0,0,0,0,0,30,30,38,69,normal
15.029954,8,9,0,56,0,0,0,0,0,0,0,0,0,0,31,31,39,70,normal
16.031721,8,9,0,0,0,0,0,0,0,0,0,0,0,0,32,32,40,71,normal
16.031742,8,9,0,56,0,0,0,0,0,0,0,0,0,0,33,33,41,72,normal
17.035571,8,9,0,0,0,0,0,0,0,0,0,0,0,0,34,34,41,73,normal
17.035591,8,9,0,56,0,0,0,0,0,0,0,0,0,0,35,35,42,74,normal
18.035429,8,9,0,0,0,0,0,0,0,0,0,0,0,0,36,36,43,75,normal
18.035448,8,9,0,56,0,0,0,0,0,0,0,0,0,0,37,37,44,76,normal
0.198467,22,0,0,188,0,0,0,0,0,0,0,0,0,0,0,0,0,0,normal
0.000000,8,10,0,0,0,0,0,0,0,0,0,0,0,0,0,0,1,77,normal
0.000019,8,9,0,56,0,0,0,0,0,0,0,0,0,0,1,1,2,78,normal
1.000582,8,9,0,0,0,0,0,0,0,0,0,0,0,0,2,2,3,79,normal
1.000602,8,9,0,56,0,0,0,0,0,0,0,0,0,0,3,3,4,80,normal
2.002179,8,9,0,0,0,0,0,0,0,0,0,0,0,0,4,4,5,81,normal
2.002199,8,9,0,56,0,0,0,0,0,0,0,0,0,0,5,5,6,82,normal
3.000372,8,9,0,0,0,0,0,0,0,0,0,0,0,0,6,6,7,83,normal
3.000391,8,9,0,56,0,0,0,0,0,0,0,0,0,0,7,7,8,84,normal
4.000501,8,9,0,0,0,0,0,0,0,0,0,0,0,0,8,8,9,85,normal
4.000520,8,9,0,56,0,0,0,0,0,0,0,0,0,0,9,9,10,86,normal
5.001521,8,9,0,0,0,0,0,0,0,0,0,0,0,0,10,10,11,87,normal
5.001541,8,9,0,56,0,0,0,0,0,0,0,0,0,0,11,11,12,88,normal
6.003524,8,9,0,0,0,0,0,0,0,0,0,0,0,0,12,12,13,89,normal
6.003544,8,9,0,56,0,0,0,0,0,0,0,0,0,0,13,13,14,90,normal
7.001540,8,9,0,0,0,0,0,0,0,0,0,0,0,0,14,14,15,91,normal
7.001559,8,9,0,56,0,0,0,0,0,0,0,0,0,0,15,15,16,92,normal
8.002137,8,9,0,0,0,0,0,0,0,0,0,0,0,0,16,16,17,93,normal
8.002157,8,9,0,56,0,0,0,0,0,0,0,0,0,0,17,17,18,94,normal
9.001577,8,9,0,0,0,0,0,0,0,0,0,0,0,0,18,18,19,95,normal
9.001598,8,9,0,56,0,0,0,0,0,0,0,0,0,0,19,19,20,96,normal
10.004505,8,9,0,0,0,0,0,0,0,0,0,0,0,0,20,20,21,97,normal
10.004525,8,9,0,56,0,0,0,0,0,0,0,0,0,0,21,21,22,98,normal
11.003470,8,9,0,0,0,0,0,0,0,0,0,0,0,0,22,22,23,98,normal
11.003490,8,9,0,56,0,0,0,0,0,0,0,0,0,0,23,23,24,98,normal
12.002926,8,9,0,0,0,0,0,0,0,0,0,0,0,0,24,24,25,98,normal
12.002945,8,9,0,56,0,0,0,0,0,0,0,0,0,0,25,25,26,98,normal
13.006742,8,9,0,0,0,0,0,0,0,0,0,0,0,0,26,26,27,98,normal
13.006762,8,9,0,56,0,0,0,0,0,0,0,0,0,0,27,27,28,98,normal
14.003073,8,9,0,0,0,0,0,0,0,0,0,0,0,0,28,28,29,98,normal
14.003093,8,9,0,56,0,0,0,0,0,0,0,0,0,0,29,29,30,98,normal
15.004050,8,9,0,0,0,0,0,0,0,0,0,0,0,0,30,30,31,98,normal
15.004070,8,9,0,56,0,0,0,0,0,0,0,0,0,0,31,31,32,98,normal
16.005435,8,9,0,0,0,0,0,0,0,0,0,0,0,0,32,32,33,98,normal
16.005455,8,9,0,56,0,0,0,0,0,0,0,0,0,0,33,33,34,98,normal
17.005172,8,9,0,0,0,0,0,0,0,0,0,0,0,0,34,34,35,98,normal
17.005192,8,9,0,56,0,0,0,0,0,0,0,0,0,0,35,35,36,98,normal
18.006266,8,9,0,0,0,0,0,0,0,0,0,0,0,0,36,36,37,98,normal
18.006286,8,9,0,56,0,0,0,0,0,0,0,0,0,0,37,37,38,98,normal
0.000019,5555,1,0,0,0,0,0,0,0,0,0,0,0,0,0,0,39,0,normal
19.007992,8,9,0,0,0,0,0,0,0,0,0,0,0,0,38,38,40,97,normal
19.008011,8,9,0,56,0,0,0,0,0,0,0,0,0,0,39,39,41,97,normal
20.007677,8,9,0,0,0,0,0,0,0,0,0,0,0,0,40,40,42,97,normal
20.007696,8,9,0,56,0,0,0,0,0,0,0,0,0,0,41,41,43,97,normal
21.008685,8,9,0,0,0,0,0,0,0,0,0,0,0,0,42,42,44,97,normal
21.008704,8,9,0,56,0,0,0,0,0,0,0,0,0,0,43,43,45,97,normal
22.009339,8,9,0,0,0,0,0,0,0,0,0,0,0,0,44,44,46,97,normal
22.009358,8,9,0,56,0,0,0,0,0,0,0,0,0,0,45,45,47,97,normal
23.015001,8,9,0,0,0,0,0,0,0,0,0,0,0,0,46,46,48,97,normal
23.015020,8,9,0,56,0,0,0,0,0,0,0,0,0,0,47,47,49,97,normal
24.012102,8,9,0,0,0,0,0,0,0,0,0,0,0,0,48,48,50,97,normal
24.012122,8,9,0,56,0,0,0,0,0,0,0,0,0,0,49,49,51,97,normal
25.011293,8,9,0,0,0,0,0,0,0,0,0,0,0,0,50,50,52,97,normal
25.011314,8,9,0,56,0,0,0,0,0,0,0,0,0,0,51,51,53,97,normal
26.010964,8,9,0,0,0,0,0,0,0,0,0,0,0,0,52,52,54,97,normal
26.010982,8,9,0,56,0,0,0,0,0,0,0,0,0,0,53,53,55,97,normal
27.011128,8,9,0,0,0,0,0,0,0,0,0,0,0,0,54,54,56,97,normal
27.011148,8,9,0,56,0,0,0,0,0,0,0,0,0,0,55,55,57,97,normal
28.015236,8,9,0,0,0,0,0,0,0,0,0,0,0,0,56,56,58,97,normal
28.015256,8,9,0,56,0,0,0,0,0,0,0,0,0,0,57,57,59,97,normal
29.013702,8,9,0,0,0,0,0,0,0,0,0,0,0,0,58,58,60,97,normal
29.013721,8,9,0,56,0,0,0,0,0,0,0,0,0,0,59,59,61,97,normal
30.012671,8,9,0,0,0,0,0,0,0,0,0,0,0,0,60,60,62,98,normal
30.012692,8,9,0,56,0,0,0,0,0,0,0,0,0,0,61,61,63,98,normal
31.013512,8,9,0,0,0,0,0,0,0,0,0,0,0,0,62,62,64,98,normal
31.013532,8,9,0,56,0,0,0,0,0,0,0,0,0,0,63,63,65,98,normal
32.013395,8,9,0,0,0,0,0,0,0,0,0,0,0,0,64,64,66,98,normal
32.013413,8,9,0,56,0,0,0,0,0,0,0,0,0,0,65,65,67,98,normal
33.013507,8,9,0,0,0,0,0,0,0,0,0,0,0,0,66,66,68,98,normal
33.013527,8,9,0,56,0,0,0,0,0,0,0,0,0,0,67,67,69,98,normal
34.013387,8,9,0,0,0,0,0,0,0,0,0,0,0,0,68,68,70,98,normal
34.013408,8,9,0,56,0,0,0,0,0,0,0,0,0,0,69,69,71,98,normal
35.012863,8,9,0,0,0,0,0,0,0,0,0,0,0,0,70,70,72,98,normal
35.012884,8,9,0,56,0,0,0,0,0,0,0,0,0,0,71,71,73,98,normal
36.019656,8,9,0,0,0,0,0,0,0,0,0,0,0,0,72,72,74,98,normal
36.019675,8,9,0,56,0,0,0,0,0,0,0,0,0,0,73,73,75,98,normal
37.014750,8,9,0,0,0,0,0,0,0,0,0,0,0,0,74,74,76,98,normal
37.014770,8,9,0,56,0,0,0,0,0,0,0,0,0,0,75,75,77,98,normal
38.016005,8,9,0,0,0,0,0,0,0,0,0,0,0,0,76,76,78,98,normal
38.016025,8,9,0,56,0,0,0,0,0,0,0,0,0,0,77,77,79,98,normal
39.016830,8,9,0,0,0,0,0,0,0,0,0,0,0,0,78,78,80,98,normal
39.016850,8,9,0,56,0,0,0,0,0,0,0,0,0,0,79,79,81,98,normal
40.018557,8,9,0,0,0,0,0,0,0,0,0,0,0,0,80,80,82,98,normal
40.018578,8,9,0,56,0,0,0,0,0,0,0,0,0,0,81,81,83,98,normal
41.018681,8,9,0,0,0,0,0,0,0,0,0,0,0,0,82,82,84,98,normal
41.018700,8,9,0,56,0,0,0,0,0,0,0,0,0,0,83,83,85,98,normal
41.859970,8,9,0,0,0,0,0,0,0,0,0,0,0,0,84,84,86,98,normal
41.859988,8,9,0,56,0,0,0,0,0,0,0,0,0,0,85,85,87,98,normal
42.020434,8,9,0,0,0,0,0,0,0,0,0,0,0,0,86,86,88,98,normal
42.020454,8,9,0,56,0,0,0,0,0,0,0,0,0,0,87,87,89,98,normal
42.849069,8,9,0,0,0,0,0,0,0,0,0,0,0,0,88,88,90,98,normal
42.849089,8,9,0,56,0,0,0,0,0,0,0,0,0,0,89,89,91,98,normal
43.021507,8,9,0,0,0,0,0,0,0,0,0,0,0,0,90,90,92,98,normal
43.021526,8,9,0,56,0,0,0,0,0,0,0,0,0,0,91,91,93,98,normal
43.860754,8,9,0,0,0,0,0,0,0,0,0,0,0,0,92,92,94,98,normal
43.860773,8,9,0,56,0,0,0,0,0,0,0,0,0,0,93,93,95,98,normal
44.021858,8,9,0,0,0,0,0,0,0,0,0,0,0,0,94,94,96,98,normal
44.021875,8,9,0,56,0,0,0,0,0,0,0,0,0,0,95,95,97,98,normal
44.864793,8,9,0,0,0,0,0,0,0,0,0,0,0,0,96,96,98,98,normal
44.864812,8,9,0,56,0,0,0,0,0,0,0,0,0,0,97,97,99,98,normal
45.021534,8,9,0,0,0,0,0,0,0,0,0,0,0,0,98,98,100,98,normal
45.021552,8,9,0,56,0,0,0,0,0,0,0,0,0,0,99,99,100,99,normal
45.860738,8,9,0,0,0,0,0,0,0,0,0,0,0,0,100,100,100,99,normal
45.860758,8,9,0,56,0,0,0,0,0,0,0,0,0,0,101,101,100,99,normal
46.022129,8,9,0,0,0,0,0,0,0,0,0,0,0,0,102,102,100,99,normal
46.022148,8,9,0,56,0,0,0,0,0,0,0,0,0,0,103,103,100,99,normal
46.863191,8,9,0,0,0,0,0,0,0,0,0,0,0,0,104,104,100,99,normal
46.863210,8,9,0,56,0,0,0,0,0,0,0,0,0,0,105,105,100,99,normal
47.031281,8,9,0,0,0,0,0,0,0,0,0,0,0,0,106,106,100,99,normal
47.031299,8,9,0,56,0,0,0,0,0,0,0,0,0,0,107,107,100,99,normal
47.865431,8,9,0,0,0,0,0,0,0,0,0,0,0,0,108,108,100,99,normal
47.865451,8,9,0,56,0,0,0,0,0,0,0,0,0,0,109,109,100,99,normal
48.024744,8,9,0,0,0,0,0,0,0,0,0,0,0,0,110,110,100,99,normal
48.024763,8,9,0,56,0,0,0,0,0,0,0,0,0,0,111,111,100,99,normal
48.873923,8,9,0,0,0,0,0,0,0,0,0,0,0,0,112,112,100,99,normal
48.873944,8,9,0,56,0,0,0,0,0,0,0,0,0,0,113,113,100,99,normal
49.026733,8,9,0,0,0,0,0,0,0,0,0,0,0,0,114,114,100,99,normal
49.026749,8,9,0,56,0,0,0,0,0,0,0,0,0,0,115,115,100,99,normal
49.878181,8,9,0,0,0,0,0,0,0,0,0,0,0,0,116,116,100,99,normal
49.878201,8,9,0,56,0,0,0,0,0,0,0,0,0,0,117,117,100,99,normal
50.027111,8,9,0,0,0,0,0,0,0,0,0,0,0,0,118,118,100,99,normal
50.027130,8,9,0,56,0,0,0,0,0,0,0,0,0,0,119,119,100,99,normal
50.876214,8,9,0,0,0,0,0,0,0,0,0,0,0,0,120,120,100,99,normal
50.876228,8,9,0,56,0,0,0,0,0,0,0,0,0,0,121,121,100,99,normal
51.028123,8,9,0,0,0,0,0,0,0,0,0,0,0,0,122,122,100,99,normal
51.028143,8,9,0,56,0,0,0,0,0,0,0,0,0,0,123,123,100,99,normal
0.000018,5555,1,0,0,0,0,0,0,0,0,0,0,0,0,0,0,100,1,normal
51.879834,8,9,0,0,0,0,0,0,0,0,0,0,0,0,124,124,100,98,normal
51.879853,8,9,0,56,0,0,0,0,0,0,0,0,0,0,125,125,100,98,normal
52.027815,8,9,0,0,0,0,0,0,0,0,0,0,0,0,126,126,100,98,normal
52.027835,8,9,0,56,0,0,0,0,0,0,0,0,0,0,127,127,100,98,normal
52.876694,8,9,0,0,0,0,0,0,0,0,0,0,0,0,128,128,100,98,normal
52.876715,8,9,0,56,0,0,0,0,0,0,0,0,0,0,129,129,100,98,normal
53.027671,8,9,0,0,0,0,0,0,0,0,0,0,0,0,130,130,100,98,normal
53.027685,8,9,0,56,0,0,0,0,0,0,0,0,0,0,131,131,100,98,normal
53.877803,8,9,0,0,0,0,0,0,0,0,0,0,0,0,132,132,100,98,normal
53.877822,8,9,0,56,0,0,0,0,0,0,0,0,0,0,133,133,100,98,normal
54.029870,8,9,0,0,0,0,0,0,0,0,0,0,0,0,134,134,100,98,normal
54.029889,8,9,0,56,0,0,0,0,0,0,0,0,0,0,135,135,100,98,normal
54.878662,8,9,0,0,0,0,0,0,0,0,0,0,0,0,136,136,100,98,normal
54.878681,8,9,0,56,0,0,0,0,0,0,0,0,0,0,137,137,100,99,normal
55.032123,8,9,0,0,0,0,0,0,0,0,0,0,0,0,138,138,100,99,normal
55.032141,8,9,0,56,0,0,0,0,0,0,0,0,0,0,139,139,100,99,normal
55.878516,8,9,0,0,0,0,0,0,0,0,0,0,0,0,140,140,100,99,normal
55.878535,8,9,0,56,0,0,0,0,0,0,0,0,0,0,141,141,100,99,normal
56.034588,8,9,0,0,0,0,0,0,0,0,0,0,0,0,142,142,100,99,normal
56.034612,8,9,0,56,0,0,0,0,0,0,0,0,0,0,143,143,100,99,normal
56.880045,8,9,0,0,0,0,0,0,0,0,0,0,0,0,144,144,100,99,normal
56.880064,8,9,0,56,0,0,0,0,0,0,0,0,0,0,145,145,100,99,normal
57.031654,8,9,0,0,0,0,0,0,0,0,0,0,0,0,146,146,100,99,normal
57.031673,8,9,0,56,0,0,0,0,0,0,0,0,0,0,147,147,100,99,normal
57.881296,8,9,0,0,0,0,0,0,0,0,0,0,0,0,148,148,100,99,normal
57.881316,8,9,0,56,0,0,0,0,0,0,0,0,0,0,149,149,100,99,normal
58.039699,8,9,0,0,0,0,0,0,0,0,0,0,0,0,150,150,100,99,normal
58.039717,8,9,0,56,0,0,0,0,0,0,0,0,0,0,151,151,100,99,normal
58.881208,8,9,0,0,0,0,0,0,0,0,0,0,0,0,152,152,100,99,normal
58.881227,8,9,0,56,0,0,0,0,0,0,0,0,0,0,153,153,100,99,normal
59.034040,8,9,0,0,0,0,0,0,0,0,0,0,0,0,154,154,100,99,normal
59.034059,8,9,0,56,0,0,0,0,0,0,0,0,0,0,155,155,100,99,normal
59.882468,8,9,0,0,0,0,0,0,0,0,0,0,0,0,156,156,100,99,normal
59.882486,8,9,0,56,0,0,0,0,0,0,0,0,0,0,157,157,100,99,normal
60.033237,8,9,0,0,0,0,0,0,0,0,0,0,0,0,158,158,100,99,normal
60.033255,8,9,0,56,0,0,0,0,0,0,0,0,0,0,159,159,100,99,normal
60.884243,8,9,0,0,0,0,0,0,0,0,0,0,0,0,160,160,100,99,normal
60.884262,8,9,0,56,0,0,0,0,0,0,0,0,0,0,161,161,100,99,normal
61.032857,8,9,0,0,0,0,0,0,0,0,0,0,0,0,162,162,100,99,normal
61.032874,8,9,0,56,0,0,0,0,0,0,0,0,0,0,163,163,100,99,normal
61.872320,8,9,0,0,0,0,0,0,0,0,0,0,0,0,164,164,100,99,normal
61.872339,8,9,0,56,0,0,0,0,0,0,0,0,0,0,165,165,100,99,normal
62.034602,8,9,0,0,0,0,0,0,0,0,0,0,0,0,166,166,100,99,normal
62.034614,8,9,0,56,0,0,0,0,0,0,0,0,0,0,167,167,100,99,normal
62.882908,8,9,0,0,0,0,0,0,0,0,0,0,0,0,168,168,100,99,normal
62.882928,8,9,0,56,0,0,0,0,0,0,0,0,0,0,169,169,100,99,normal
63.033621,8,9,0,0,0,0,0,0,0,0,0,0,0,0,170,170,100,99,normal
63.033641,8,9,0,56,0,0,0,0,0,0,0,0,0,0,171,171,100,99,normal
63.882765,8,9,0,0,0,0,0,0,0,0,0,0,0,0,172,172,100,99,normal
63.882786,8,9,0,56,0,0,0,0,0,0,0,0,0,0,173,173,100,99,normal
64.035385,8,9,0,0,0,0,0,0,0,0,0,0,0,0,174,174,100,99,normal
64.035406,8,9,0,56,0,0,0,0,0,0,0,0,0,0,175,175,100,99,normal
64.883124,8,9,0,0,0,0,0,0,0,0,0,0,0,0,176,176,100,99,normal
64.883144,8,9,0,56,0,0,0,0,0,0,0,0,0,0,177,177,100,99,normal
65.034811,8,9,0,0,0,0,0,0,0,0,0,0,0,0,178,178,100,99,normal
65.034830,8,9,0,56,0,0,0,0,0,0,0,0,0,0,179,179,100,99,normal
65.888590,8,9,0,0,0,0,0,0,0,0,0,0,0,0,180,180,100,99,normal
65.888609,8,9,0,56,0,0,0,0,0,0,0,0,0,0,181,181,100,99,normal
66.035159,8,9,0,0,0,0,0,0,0,0,0,0,0,0,182,182,100,99,normal
66.035179,8,9,0,56,0,0,0,0,0,0,0,0,0,0,183,183,100,99,normal
66.882967,8,9,0,0,0,0,0,0,0,0,0,0,0,0,184,184,100,99,normal
66.882987,8,9,0,56,0,0,0,0,0,0,0,0,0,0,185,185,100,99,normal
67.036440,8,9,0,0,0,0,0,0,0,0,0,0,0,0,186,186,100,99,normal
67.036458,8,9,0,56,0,0,0,0,0,0,0,0,0,0,187,187,100,99,normal
67.884937,8,9,0,0,0,0,0,0,0,0,0,0,0,0,188,188,100,99,normal
67.884956,8,9,0,56,0,0,0,0,0,0,0,0,0,0,189,189,100,99,normal
68.050777,8,9,0,0,0,0,0,0,0,0,0,0,0,0,190,190,100,99,normal
68.050796,8,9,0,56,0,0,0,0,0,0,0,0,0,0,191,191,100,99,normal
68.892491,8,9,0,0,0,0,0,0,0,0,0,0,0,0,192,192,100,99,normal
68.892510,8,9,0,56,0,0,0,0,0,0,0,0,0,0,193,193,100,99,normal
69.038556,8,9,0,0,0,0,0,0,0,0,0,0,0,0,194,194,100,99,normal
69.038575,8,9,0,56,0,0,0,0,0,0,0,0,0,0,195,195,100,99,normal
69.886556,8,9,0,0,0,0,0,0,0,0,0,0,0,0,196,196,100,99,normal
69.886576,8,9,0,56,0,0,0,0,0,0,0,0,0,0,197,197,100,99,normal
70.039214,8,9,0,0,0,0,0,0,0,0,0,0,0,0,198,198,100,99,normal
70.039232,8,9,0,56,0,0,0,0,0,0,0,0,0,0,199,199,100,99,normal
70.885299,8,9,0,0,0,0,0,0,0,0,0,0,0,0,200,200,100,99,normal
70.885318,8,9,0,56,0,0,0,0,0,0,0,0,0,0,201,201,100,99,normal
71.039290,8,9,0,0,0,0,0,0,0,0,0,0,0,0,202,202,100,99,normal
71.039309,8,9,0,56,0,0,0,0,0,0,0,0,0,0,203,203,100,99,normal
71.886818,8,9,0,0,0,0,0,0,0,0,0,0,0,0,204,204,100,99,normal
71.886837,8,9,0,56,0,0,0,0,0,0,0,0,0,0,205,205,100,99,normal
72.038747,8,9,0,0,0,0,0,0,0,0,0,0,0,0,206,206,100,99,normal
72.038765,8,9,0,56,0,0,0,0,0,0,0,0,0,0,207,207,100,99,normal
72.887650,8,9,0,0,0,0,0,0,0,0,0,0,0,0,208,208,100,99,normal
72.887670,8,9,0,56,0,0,0,0,0,0,0,0,0,0,209,209,100,99,normal
73.040021,8,9,0,0,0,0,0,0,0,0,0,0,0,0,210,210,100,99,normal
73.040040,8,9,0,56,0,0,0,0,0,0,0,0,0,0,211,211,100,99,normal
73.888257,8,9,0,0,0,0,0,0,0,0,0,0,0,0,212,212,100,99,normal
73.888276,8,9,0,56,0,0,0,0,0,0,0,0,0,0,213,213,100,99,normal
74.041057,8,9,0,0,0,0,0,0,0,0,0,0,0,0,214,214,100,99,normal
74.041076,8,9,0,56,0,0,0,0,0,0,0,0,0,0,215,215,100,99,normal
74.889074,8,9,0,0,0,0,0,0,0,0,0,0,0,0,216,216,100,99,normal
74.889100,8,9,0,56,0,0,0,0,0,0,0,0,0,0,217,217,100,99,normal
75.042820,8,9,0,0,0,0,0,0,0,0,0,0,0,0,218,218,100,99,normal
75.042836,8,9,0,56,0,0,0,0,0,0,0,0,0,0,219,219,100,99,normal
75.888079,8,9,0,0,0,0,0,0,0,0,0,0,0,0,220,220,100,99,normal
75.888098,8,9,0,56,0,0,0,0,0,0,0,0,0,0,221,221,100,99,normal
76.044147,8,9,0,0,0,0,0,0,0,0,0,0,0,0,222,222,100,99,normal
76.044166,8,9,0,56,0,0,0,0,0,0,0,0,0,0,223,223,100,99,normal
76.888014,8,9,0,0,0,0,0,0,0,0,0,0,0,0,224,224,100,100,normal
76.888034,8,9,0,56,0,0,0,0,0,0,0,0,0,0,225,225,100,100,normal
77.044715,8,9,0,0,0,0,0,0,0,0,0,0,0,0,226,226,100,100,normal
77.044734,8,9,0,56,0,0,0,0,0,0,0,0,0,0,227,227,100,100,normal
77.889689,8,9,0,0,0,0,0,0,0,0,0,0,0,0,228,228,100,100,normal
77.889708,8,9,0,56,0,0,0,0,0,0,0,0,0,0,229,229,100,100,normal
78.046207,8,9,0,0,0,0,0,0,0,0,0,0,0,0,230,230,100,100,normal
78.046226,8,9,0,56,0,0,0,0,0,0,0,0,0,0,231,231,100,100,normal
78.891655,8,9,0,0,0,0,0,0,0,0,0,0,0,0,232,232,100,100,normal
78.891673,8,9,0,56,0,0,0,0,0,0,0,0,0,0,233,233,100,100,normal
79.046144,8,9,0,0,0,0,0,0,0,0,0,0,0,0,234,234,100,100,normal
79.046163,8,9,0,56,0,0,0,0,0,0,0,0,0,0,235,235,100,100,normal
79.892019,8,9,0,0,0,0,0,0,0,0,0,0,0,0,236,236,100,100,normal
79.892039,8,9,0,56,0,0,0,0,0,0,0,0,0,0,237,237,100,100,normal
80.051369,8,9,0,0,0,0,0,0,0,0,0,0,0,0,238,238,100,100,normal
80.051388,8,9,0,56,0,0,0,0,0,0,0,0,0,0,239,239,100,100,normal
80.892379,8,9,0,0,0,0,0,0,0,0,0,0,0,0,240,240,100,100,normal
80.892399,8,9,0,56,0,0,0,0,0,0,0,0,0,0,241,241,100,100,normal
81.049379,8,9,0,0,0,0,0,0,0,0,0,0,0,0,242,242,100,100,normal
81.049399,8,9,0,56,0,0,0,0,0,0,0,0,0,0,243,243,100,100,normal
81.894131,8,9,0,0,0,0,0,0,0,0,0,0,0,0,244,244,100,100,normal
81.894152,8,9,0,56,0,0,0,0,0,0,0,0,0,0,245,245,100,100,normal
82.052817,8,9,0,0,0,0,0,0,0,0,0,0,0,0,246,246,100,100,normal
82.052835,8,9,0,56,0,0,0,0,0,0,0,0,0,0,247,247,100,100,normal
82.895705,8,9,0,0,0,0,0,0,0,0,0,0,0,0,248,248,100,100,normal
82.895725,8,9,0,56,0,0,0,0,0,0,0,0,0,0,249,249,100,100,normal
83.047805,8,9,0,0,0,0,0,0,0,0,0,0,0,0,250,250,100,100,normal
83.047824,8,9,0,56,0,0,0,0,0,0,0,0,0,0,251,251,100,100,normal
83.904151,8,9,0,0,0,0,0,0,0,0,0,0,0,0,252,252,100,100,normal
83.904171,8,9,0,56,0,0,0,0,0,0,0,0,0,0,253,253,100,100,normal
84.050005,8,9,0,0,0,0,0,0,0,0,0,0,0,0,254,254,100,100,normal
84.050023,8,9,0,56,0,0,0,0,0,0,0,0,0,0,255,255,100,100,normal
84.897120,8,9,0,0,0,0,0,0,0,0,0,0,0,0,256,256,100,100,normal
84.897140,8,9,0,56,0,0,0,0,0,0,0,0,0,0,257,257,100,100,normal
85.055474,8,9,0,0,0,0,0,0,0,0,0,0,0,0,258,258,100,100,normal
85.055492,8,9,0,56,0,0,0,0,0,0,0,0,0,0,259,259,100,100,normal
85.897698,8,9,0,0,0,0,0,0,0,0,0,0,0,0,260,260,100,100,normal
85.897717,8,9,0,56,0,0,0,0,0,0,0,0,0,0,261,261,100,100,normal
86.048401,8,9,0,0,0,0,0,0,0,0,0,0,0,0,262,262,100,100,normal
86.048421,8,9,0,56,0,0,0,0,0,0,0,0,0,0,263,263,100,100,normal
86.898098,8,9,0,0,0,0,0,0,0,0,0,0,0,0,264,264,100,100,normal
86.898117,8,9,0,56,0,0,0,0,0,0,0,0,0,0,265,265,100,100,normal
87.047858,8,9,0,0,0,0,0,0,0,0,0,0,0,0,266,266,100,100,normal
87.047878,8,9,0,56,0,0,0,0,0,0,0,0,0,0,267,267,100,100,normal
87.899776,8,9,0,0,0,0,0,0,0,0,0,0,0,0,268,268,100,100,normal
87.899801,8,9,0,56,0,0,0,0,0,0,0,0,0,0,269,269,100,100,normal
88.417858,8,9,0,0,0,0,0,0,0,0,0,0,0,0,270,270,100,100,normal
88.417878,8,9,0,56,0,0,0,0,0,0,0,0,0,0,271,271,100,100,normal
88.994061,8,9,0,0,0,0,0,0,0,0,0,0,0,0,272,272,100,100,normal
88.994082,8,9,0,56,0,0,0,0,0,0,0,0,0,0,273,273,100,100,normal
0.000019,23,1,0,0,0,0,0,0,0,0,0,0,0,0,0,0,100,0,normal
89.284871,8,9,0,0,0,0,0,0,0,0,0,0,0,0,274,274,100,99,normal
89.284890,8,9,0,56,0,0,0,0,0,0,0,0,0,0,275,275,100,99,normal
89.899351,8,9,0,0,0,0,0,0,0,0,0,0,0,0,276,276,100,99,normal
89.899371,8,9,0,56,0,0,0,0,0,0,0,0,0,0,277,277,100,99,normal
90.049860,8,9,0,0,0,0,0,0,0,0,0,0,0,0,278,278,100,99,normal
0.193479,22,0,0,188,0,0,0,0,0,0,0,0,0,0,0,0,0,0,normal
0.000021,80,10,0,0,0,0,0,0,0,0,0,0,0,0,0,0,1,0,normal
0.000005,80,10,0,0,0,0,0,0,0,0,0,0,0,0,1,1,2,1,normal
0.000004,80,10,0,0,0,0,0,0,0,0,0,0,0,0,2,2,3,2,normal
0.000003,80,10,0,0,0,0,0,0,0,0,0,0,0,0,3,3,4,3,normal
0.000002,80,10,0,0,0,0,0,0,0,0,0,0,0,0,4,4,5,4,normal
0.000003,80,10,0,0,0,0,0,0,0,0,0,0,0,0,5,5,6,5,normal
10.070846,80,9,3129,36871,0,0,0,0,0,0,0,0,0,0,6,6,7,6,normal
9.299121,80,9,709,2541,0,0,0,0,0,0,0,0,0,0,7,7,8,7,normal
9.301200,80,9,2602,3620,0,0,0,0,0,0,0,0,0,0,8,8,9,8,normal
15.319948,80,9,2155,8302,0,0,0,0,0,0,0,0,0,0,9,9,10,9,normal
5.861509,80,9,4394,16391,0,0,0,0,0,0,0,0,0,0,0,0,11,10,normal
5.724289,80,9,946,423,0,0,0,0,0,0,0,0,0,0,1,1,12,11,normal
15.636813,80,9,6271,28657,0,0,0,0,0,0,0,0,0,0,0,0,13,12,normal
0.000018,2323,1,0,0,0,0,0,0,0,0,0,0,0,0,0,0,14,0,normal
10.237880,80,9,3154,39821,0,0,0,0,0,0,0,0,0,0,0,0,15,13,normal
0.195089,4201,1,0,0,0,0,0,0,0,0,0,0,0,0,0,0,16,0,normal
9.394322,80,9,5126,26323,0,0,0,0,0,0,0,0,0,0,0,0,17,14,normal
8.511529,80,9,1304,892,0,0,0,0,0,0,0,0,0,0,1,1,18,15,normal
0.000019,23,1,0,0,0,0,0,0,0,0,0,0,0,0,0,0,19,0,normal
6.321137,80,9,3394,12753,0,0,0,0,0,0,0,0,0,0,1,0,20,16,normal
5.813747,80,9,913,397,0,0,0,0,0,0,0,0,0,0,2,1,21,17,normal
30.737945,80,9,10012,71567,0,0,0,0,0,0,0,0,0,0,3,2,22,18,normal
7.363286,80,8,3301,11796,0,0,0,0,0,0,0,0,0,0,0,0,23,19,normal
5.413587,80,8,1340,3495,0,0,0,0,0,0,0,0,0,0,1,1,24,20,normal
0.000019,23,1,0,0,0,0,0,0,0,0,0,0,0,0,0,0,25,1,normal
0.187331,34894,1,0,0,0,0,0,0,0,0,0,0,0,0,0,0,26,0,normal
0.161907,55551,1,0,0,0,0,0,0,0,0,0,0,0,0,0,0,27,0,normal
8.926781,80,9,2108,9548,0,0,0,0,0,0,0,0,0,0,0,0,28,21,normal
14.489466,80,9,2137,9137,0,0,0,0,0,0,0,0,0,0,0,0,29,22,normal
14.006619,80,9,1345,3497,0,0,0,0,0,0,0,0,0,0,1,1,30,23,normal
0.053513,80,2,0,0,0,0,0,0,0,0,0,0,0,0,0,0,31,24,normal
0.053493,80,2,0,0,0,0,0,0,0,0,0,0,0,0,1,1,32,25,normal
0.203043,56196,1,0,0,0,0,0,0,0,0,0,0,0,0,2,0,33,0,normal
5.000110,80,9,110,3469,0,0,0,0,0,0,0,0,0,0,3,2,34,26,normal
0.000018,8080,1,0,0,0,0,0,0,0,0,0,0,0,0,0,0,35,0,normal
14.503679,80,9,3348,11328,0,0,0,0,0,0,0,0,0,0,1,0,36,27,normal
0.181857,6688,1,0,0,0,0,0,0,0,0,0,0,0,0,2,0,37,0,normal
0.000000,3,10,0,0,0,0,0,0,0,0,0,0,0,0,3,0,38,0,normal
0.198691,10001,1,0,0,0,0,0,0,0,0,0,0,0,0,2,0,39,0,normal
21.570258,80,9,10384,39181,0,0,0,0,0,0,0,0,0,0,0,0,40,28,normal
0.178508,41289,1,0,0,0,0,0,0,0,0,0,0,0,0,0,0,41,0,normal
12.962763,80,9,2144,9137,0,0,0,0,0,0,0,0,0,0,0,0,42,29,normal
27.279856,80,9,6846,27426,0,0,0,0,0,0,0,0,0,0,0,0,43,30,normal
0.221780,15703,1,0,0,0,0,0,0,0,0,0,0,0,0,0,0,44,0,normal
0.194681,80,6,1192,0,0,0,0,0,0,0,0,0,0,0,0,0,45,31,normal
0.195458,22,0,0,188,0,0,0,0,0,0,0,0,0,0,0,0,0,1,normal
26.915335,80,9,2578,9951,0,0,0,0,0,0,0,0,0,0,0,0,1,32,normal
11.627721,80,9,4030,6187,0,0,0,0,0,0,0,0,0,0,0,0,2,33,normal
0.000000,53,5,0,0,0,0,0,0,0,0,0,0,0,0,0,0,0,0,normal
0.001624,53,9,0,80,0,0,0,0,0,0,0,0,0,0,1,1,1,1,normal
0.000000,53,5,0,0,0,0,0,0,0,0,0,0,0,0,2,2,2,2,normal
0.001186,53,9,0,99,0,0,0,0,0,0,0,0,0,0,3,3,3,3,normal
0.000000,53,5,0,0,0,0,0,0,0,0,0,0,0,0,4,4,4,4,normal
0.093226,53,9,0,67,0,0,0,0,0,0,0,0,0,0,5,5,5,5,normal
1.810439,25,9,1012,697,0,0,0,0,0,0,0,0,0,0,0,0,0,0,normal
0.000020,23,1,0,0,0,0,0,0,0,0,0,0,0,0,0,0,3,2,normal
6.050363,80,9,687,2425,0,0,0,0,0,0,0,0,0,0,0,0,4,34,normal
6.675956,80,9,1284,5626,0,0,0,0,0,0,0,0,0,0,0,0,5,35,normal
8.271728,80,9,673,2730,0,0,0,0,0,0,0,0,0,0,0,0,6,36,normal
21.270567,80,9,3414,3863,0,0,0,0,0,0,0,0,0,0,0,0,7,37,normal
0.000000,53,5,0,0,0,0,0,0,0,0,0,0,0,0,0,0,6,6,normal
0.003328,53,9,0,80,0,0,0,0,0,0,0,0,0,0,1,1,7,7,normal
0.000000,53,5,0,0,0,0,0,0,0,0,0,0,0,0,2,2,8,8,normal
0.002402,53,9,0,99,0,0,0,0,0,0,0,0,0,0,3,3,9,9,normal
0.000000,53,5,0,0,0,0,0,0,0,0,0,0,0,0,4,4,10,10,normal
0.103600,53,9,0,67,0,0,0,0,0,0,0,0,0,0,5,5,11,11,normal
0.891786,25,2,1012,698,0,0,0,0,0,0,0,0,0,0,0,0,0,1,normal
0.218317,10425,1,0,0,0,0,0,0,0,0,0,0,0,0,0,0,8,0,normal
13.144232,80,9,3247,13839,0,0,0,0,0,0,0,0,0,0,0,0,9,38,normal
7.176668,80,9,738,536,0,0,0,0,0,0,0,0,0,0,0,0,10,39,normal
13.665386,80,9,3288,10271,0,0,0,0,0,0,0,0,0,0,0,0,11,40,normal
17.444324,80,9,1299,5134,0,0,0,0,0,0,0,0,0,0,0,0,12,41,normal
0.197413,48910,1,0,0,0,0,0,0,0,0,0,0,0,0,0,0,13,0,normal
28.041205,80,9,3408,2973,0,0,0,0,0,0,0,0,0,0,0,0,14,42,normal
0.000000,53,5,0,0,0,0,0,0,0,0,0,0,0,0,0,0,12,12,normal
0.024380,53,9,0,121,0,0,0,0,0,0,0,0,0,0,1,1,13,13,normal
0.000000,53,5,0,0,0,0,0,0,0,0,0,0,0,0,2,2,14,14,normal
0.001351,53,9,0,76,0,0,0,0,0,0,0,0,0,0,3,3,15,15,normal
0.000000,53,5,0,0,0,0,0,0,0,0,0,0,0,0,4,4,16,16,normal
0.023407,53,9,0,121,0,0,0,0,0,0,0,0,0,0,5,5,17,17,normal
0.000000,53,5,0,0,0,0,0,0,0,0,0,0,0,0,6,6,18,18,normal
0.000318,53,9,0,121,0,0,0,0,0,0,0,0,0,0,7,7,19,19,normal
0.000000,53,5,0,0,0,0,0,0,0,0,0,0,0,0,8,8,20,20,normal
0.000231,53,9,0,76,0,0,0,0,0,0,0,0,0,0,9,9,21,21,normal
0.000000,53,5,0,0,0,0,0,0,0,0,0,0,0,0,10,10,22,22,normal
0.000233,53,9,0,121,0,0,0,0,0,0,0,0,0,0,11,11,23,23,normal
26.335207,80,9,6133,22627,0,0,0,0,0,0,0,0,0,0,0,0,15,43,normal
9.027151,80,9,524,2304,0,0,0,0,0,0,0,0,0,0,1,1,16,44,normal
7.907110,80,9,4082,6238,0,0,0,0,0,0,0,0,0,0,0,0,17,45,normal
0.000000,53,5,0,0,0,0,0,0,0,0,0,0,0,0,0,0,24,24,normal
0.001756,53,9,0,121,0,0,0,0,0,0,0,0,0,0,1,1,25,25,normal
0.000000,53,5,0,0,0,0,0,0,0,0,0,0,0,0,2,2,26,26,normal
0.001059,53,9,0,76,0,0,0,0,0,0,0,0,0,0,3,3,27,27,normal
0.000000,53,5,0,0,0,0,0,0,0,0,0,0,0,0,4,4,28,28,normal
0.000243,53,9,0,121,0,0,0,0,0,0,0,0,0,0,5,5,29,29,normal
0.000000,53,5,0,0,0,0,0,0,0,0,0,0,0,0,6,6,30,30,normal
0.000412,53,9,0,121,0,0,0,0,0,0,0,0,0,0,7,7,31,31,normal
0.000000,53,5,0,0,0,0,0,0,0,0,0,0,0,0,8,8,32,32,normal
0.000393,53,9,0,76,0,0,0,0,0,0,0,0,0,0,9,9,33,33,normal
0.000000,53,5,0,0,0,0,0,0,0,0,0,0,0,0,10,10,34,34,normal
0.000244,53,9,0,121,0,0,0,0,0,0,0,0,0,0,11,11,35,35,normal
6.166997,80,9,580,3254,0,0,0,0,0,0,0,0,0,0,0,0,18,45,normal
13.251663,80,9,2363,10473,0,0,0,0,0,0,0,0,0,0,0,0,19,45,normal
9.390998,80,9,1757,8394,0,0,0,0,0,0,0,0,0,0,0,0,20,45,normal
6.258749,80,9,0,0,0,0,0,0,0,0,0,0,0,0,1,1,21,45,normal
0.199979,48911,1,0,0,0,0,0,0,0,0,0,0,0,0,0,0,22,0,normal
0.000019,2224,1,0,0,0,0,0,0,0,0,0,0,0,0,0,0,23,0,normal
5.932105,80,9,3535,2981,0,0,0,0,0,0,0,0,0,0,0,0,24,43,normal
0.000000,53,5,0,0,0,0,0,0,0,0,0,0,0,0,0,0,36,36,normal
0.026310,53,9,0,121,0,0,0,0,0,0,0,0,0,0,1,1,37,37,normal
0.000000,53,5,0,0,0,0,0,0,0,0,0,0,0,0,2,2,38,38,normal
0.001742,53,9,0,76,0,0,0,0,0,0,0,0,0,0,3,3,39,39,normal
0.000000,53,5,0,0,0,0,0,0,0,0,0,0,0,0,4,4,40,40,normal
0.001787,53,9,0,121,0,0,0,0,0,0,0,0,0,0,5,5,41,41,normal
0.000000,53,5,0,0,0,0,0,0,0,0,0,0,0,0,6,6,42,42,normal
0.000291,53,9,0,121,0,0,0,0,0,0,0,0,0,0,7,7,43,43,normal
0.000000,53,5,0,0,0,0,0,0,0,0,0,0,0,0,8,8,44,44,normal
0.000279,53,9,0,76,0,0,0,0,0,0,0,0,0,0,9,9,45,45,normal
0.000000,53,5,0,0,0,0,0,0,0,0,0,0,0,0,10,10,46,46,normal
0.000242,53,9,0,121,0,0,0,0,0,0,0,0,0,0,11,11,47,47,normal
10.145953,80,9,1826,4880,0,0,0,0,0,0,0,0,0,0,0,0,25,34,normal
7.919213,80,9,1226,5677,0,0,0,0,0,0,0,0,0,0,1,1,26,34,normal
6.224011,80,9,580,3336,0,0,0,0,0,0,0,0,0,0,0,0,27,34,normal
6.137216,80,9,0,0,0,0,0,0,0,0,0,0,0,0,1,1,28,34,normal
0.000020,81,1,0,0,0,0,0,0,0,0,0,0,0,0,0,0,29,0,normal
10.919968,80,9,1773,7566,0,0,0,0,0,0,0,0,0,0,1,0,30,34,normal
6.186976,80,9,0,0,0,0,0,0,0,0,0,0,0,0,2,1,31,35,normal
6.147901,80,9,0,0,0,0,0,0,0,0,0,0,0,0,3,2,32,36,normal
0.183686,62837,1,0,0,0,0,0,0,0,0,0,0,0,0,0,0,33,0,normal
5.893672,80,9,3640,2996,0,0,0,0,0,0,0,0,0,0,0,0,34,35,normal
0.000000,53,5,0,0,0,0,0,0,0,0,0,0,0,0,0,0,48,48,normal
0.000462,53,9,0,121,0,0,0,0,0,0,0,0,0,0,1,1,49,49,normal
0.000000,53,5,0,0,0,0,0,0,0,0,0,0,0,0,2,2,50,50,normal
0.001253,53,9,0,76,0,0,0,0,0,0,0,0,0,0,3,3,51,51,normal
0.000000,53,5,0,0,0,0,0,0,0,0,0,0,0,0,4,4,52,52,normal
0.000245,53,9,0,121,0,0,0,0,0,0,0,0,0,0,5,5,53,53,normal
0.000000,53,5,0,0,0,0,0,0,0,0,0,0,0,0,6,6,54,54,normal
0.000260,53,9,0,121,0,0,0,0,0,0,0,0,0,0,7,7,55,55,normal
0.000000,53,5,0,0,0,0,0,0,0,0,0,0,0,0,8,8,56,56,normal
0.000246,53,9,0,76,0,0,0,0,0,0,0,0,0,0,9,9,57,57,normal
0.000000,53,5,0,0,0,0,0,0,0,0,0,0,0,0,10,10,58,58,normal
0.000242,53,9,0,121,0,0,0,0,0,0,0,0,0,0,11,11,59,59,normal
12.543440,80,9,1826,4880,0,0,0,0,0,0,0,0,0,0,0,0,35,29,normal
23.710771,80,9,2392,8558,0,0,0,0,0,0,0,0,0,0,0,0,36,29,normal
0.267283,3375,1,0,0,0,0,0,0,0,0,0,0,0,0,1,0,37,0,normal
25.972546,80,9,7093,22508,0,0,0,0,0,0,0,0,0,0,0,0,38,29,normal
12.444924,80,9,746,1417,0,0,0,0,0,0,0,0,0,0,0,0,38,30,normal
0.000000,443,5,0,0,0,0,0,0,0,0,0,0,0,0,1,0,38,0,normal
0.000000,3,10,0,0,0,0,0,0,0,0,0,0,0,0,0,0,0,0,normal
0.000020,443,1,0,0,0,0,0,0,0,0,0,0,0,0,0,0,38,1,normal
0.000018,8007,1,0,0,0,0,0,0,0,0,0,0,0,0,0,0,39,0,normal
28.080573,80,9,1955,9476,0,0,0,0,0,0,0,0,0,0,1,0,40,29,normal
0.197352,80,6,2708,0,0,0,0,0,0,0,0,0,0,0,0,0,41,30,normal
0.000000,53,5,0,0,0,0,0,0,0,0,0,0,0,0,0,0,55,55,normal
0.200801,22,0,0,188,0,0,0,0,0,0,0,0,0,0,0,0,0,0,normal
0.000018,3306,1,0,0,0,0,0,0,0,0,0,0,0,0,0,0,1,0,normal
0.000000,8,10,0,0,0,0,0,0,0,0,0,0,0,0,0,0,2,0,normal
0.000020,8,9,0,56,0,0,0,0,0,0,0,0,0,0,1,1,3,1,normal
0.998938,8,9,0,0,0,0,0,0,0,0,0,0,0,0,2,2,4,2,normal
0.998957,8,9,0,56,0,0,0,0,0,0,0,0,0,0,3,3,5,3,normal
1.998974,8,9,0,0,0,0,0,0,0,0,0,0,0,0,4,4,6,4,normal
1.998992,8,9,0,56,0,0,0,0,0,0,0,0,0,0,5,5,7,5,normal
2.998991,8,9,0,0,0,0,0,0,0,0,0,0,0,0,6,6,8,6,normal
2.999011,8,9,0,56,0,0,0,0,0,0,0,0,0,0,7,7,9,7,normal
3.999077,8,9,0,0,0,0,0,0,0,0,0,0,0,0,8,8,10,8,normal
3.999104,8,9,0,56,0,0,0,0,0,0,0,0,0,0,9,9,11,9,normal
4.998993,8,9,0,0,0,0,0,0,0,0,0,0,0,0,10,10,12,10,normal
4.999013,8,9,0,56,0,0,0,0,0,0,0,0,0,0,11,11,13,11,normal
5.998984,8,9,0,0,0,0,0,0,0,0,0,0,0,0,12,12,14,12,normal
5.999003,8,9,0,56,0,0,0,0,0,0,0,0,0,0,13,13,15,13,normal
6.999036,8,9,0,0,0,0,0,0,0,0,0,0,0,0,14,14,16,14,normal
6.999055,8,9,0,56,0,0,0,0,0,0,0,0,0,0,15,15,17,15,normal
7.999025,8,9,0,0,0,0,0,0,0,0,0,0,0,0,16,16,18,16,normal
7.999045,8,9,0,56,0,0,0,0,0,0,0,0,0,0,17,17,19,17,normal
9.000199,8,9,0,0,0,0,0,0,0,0,0,0,0,0,18,18,20,18,normal
9.000217,8,9,0,56,0,0,0,0,0,0,0,0,0,0,19,19,21,19,normal
9.999187,8,9,0,0,0,0,0,0,0,0,0,0,0,0,20,20,22,20,normal
9.999207,8,9,0,56,0,0,0,0,0,0,0,0,0,0,21,21,23,21,normal
10.998982,8,9,0,0,0,0,0,0,0,0,0,0,0,0,22,22,24,22,normal
10.999001,8,9,0,56,0,0,0,0,0,0,0,0,0,0,23,23,25,23,normal
11.999116,8,9,0,0,0,0,0,0,0,0,0,0,0,0,24,24,26,24,normal
11.999136,8,9,0,56,0,0,0,0,0,0,0,0,0,0,25,25,27,25,normal
12.999144,8,9,0,0,0,0,0,0,0,0,0,0,0,0,26,26,28,26,normal
12.999162,8,9,0,56,0,0,0,0,0,0,0,0,0,0,27,27,29,27,normal
13.999051,8,9,0,0,0,0,0,0,0,0,0,0,0,0,28,28,30,28,normal
13.999070,8,9,0,56,0,0,0,0,0,0,0,0,0,0,29,29,31,29,normal
14.999125,8,9,0,0,0,0,0,0,0,0,0,0,0,0,30,30,32,30,normal
14.999144,8,9,0,56,0,0,0,0,0,0,0,0,0,0,31,31,33,31,normal
15.999155,8,9,0,0,0,0,0,0,0,0,0,0,0,0,32,32,34,32,normal
15.999174,8,9,0,56,0,0,0,0,0,0,0,0,0,0,33,33,35,33,normal
16.999143,8,9,0,0,0,0,0,0,0,0,0,0,0,0,34,34,36,34,normal
16.999161,8,9,0,56,0,0,0,0,0,0,0,0,0,0,35,35,37,35,normal
17.999132,8,9,0,0,0,0,0,0,0,0,0,0,0,0,36,36,38,36,normal
17.999150,8,9,0,56,0,0,0,0,0,0,0,0,0,0,37,37,39,37,normal
18.999121,8,9,0,0,0,0,0,0,0,0,0,0,0,0,38,38,40,38,normal
18.999140,8,9,0,56,0,0,0,0,0,0,0,0,0,0,39,39,41,39,normal
19.999150,8,9,0,0,0,0,0,0,0,0,0,0,0,0,40,40,42,40,normal
19.999169,8,9,0,56,0,0,0,0,0,0,0,0,0,0,41,41,43,41,normal
20.999177,8,9,0,0,0,0,0,0,0,0,0,0,0,0,42,42,44,42,normal
20.999198,8,9,0,56,0,0,0,0,0,0,0,0,0,0,43,43,45,43,normal
21.999138,8,9,0,0,0,0,0,0,0,0,0,0,0,0,44,44,46,44,normal
21.999156,8,9,0,56,0,0,0,0,0,0,0,0,0,0,45,45,47,45,normal
22.999198,8,9,0,0,0,0,0,0,0,0,0,0,0,0,46,46,48,46,normal
22.999218,8,9,0,56,0,0,0,0,0,0,0,0,0,0,47,47,49,47,normal
23.999165,8,9,0,0,0,0,0,0,0,0,0,0,0,0,48,48,50,48,normal
23.999185,8,9,0,56,0,0,0,0,0,0,0,0,0,0,49,49,51,49,normal
24.999234,8,9,0,0,0,0,0,0,0,0,0,0,0,0,50,50,52,50,normal
24.999253,8,9,0,56,0,0,0,0,0,0,0,0,0,0,51,51,53,51,normal
25.999201,8,9,0,0,0,0,0,0,0,0,0,0,0,0,52,52,54,52,normal
25.999219,8,9,0,56,0,0,0,0,0,0,0,0,0,0,53,53,55,53,normal
26.999209,8,9,0,0,0,0,0,0,0,0,0,0,0,0,54,54,56,54,normal
26.999228,8,9,0,56,0,0,0,0,0,0,0,0,0,0,55,55,57,55,normal
27.999215,8,9,0,0,0,0,0,0,0,0,0,0,0,0,56,56,58,56,normal
27.999234,8,9,0,56,0,0,0,0,0,0,0,0,0,0,57,57,59,57,normal
0.000021,1433,1,0,0,0,0,0,0,0,0,0,0,0,0,0,0,60,0,normal
28.999275,8,9,0,0,0,0,0,0,0,0,0,0,0,0,58,58,61,58,normal
28.999295,8,9,0,56,0,0,0,0,0,0,0,0,0,0,59,59,62,59,normal
29.999278,8,9,0,0,0,0,0,0,0,0,0,0,0,0,60,60,63,60,normal
29.999297,8,9,0,56,0,0,0,0,0,0,0,0,0,0,61,61,64,61,normal
30.999294,8,9,0,0,0,0,0,0,0,0,0,0,0,0,62,62,65,62,normal
30.999313,8,9,0,56,0,0,0,0,0,0,0,0,0,0,63,63,66,63,normal
31.999394,8,9,0,0,0,0,0,0,0,0,0,0,0,0,64,64,67,64,normal
31.999413,8,9,0,56,0,0,0,0,0,0,0,0,0,0,65,65,68,65,normal
32.999349,8,9,0,0,0,0,0,0,0,0,0,0,0,0,66,66,69,66,normal
32.999377,8,9,0,56,0,0,0,0,0,0,0,0,0,0,67,67,70,67,normal
33.999358,8,9,0,0,0,0,0,0,0,0,0,0,0,0,68,68,71,68,normal
33.999377,8,9,0,56,0,0,0,0,0,0,0,0,0,0,69,69,72,69,normal
34.999312,8,9,0,0,0,0,0,0,0,0,0,0,0,0,70,70,73,70,normal
34.999332,8,9,0,56,0,0,0,0,0,0,0,0,0,0,71,71,74,71,normal
35.999302,8,9,0,0,0,0,0,0,0,0,0,0,0,0,72,72,75,72,normal
35.999321,8,9,0,56,0,0,0,0,0,0,0,0,0,0,73,73,76,73,normal
0.000000,8,10,0,0,0,0,0,0,0,0,0,0,0,0,0,0,77,74,normal
0.000022,8,9,0,56,0,0,0,0,0,0,0,0,0,0,1,1,78,75,normal
36.999384,8,9,0,0,0,0,0,0,0,0,0,0,0,0,0,0,79,76,normal
36.999403,8,9,0,56,0,0,0,0,0,0,0,0,0,0,1,1,80,77,normal
0.998987,8,9,0,0,0,0,0,0,0,0,0,0,0,0,0,0,81,78,normal
0.999006,8,9,0,56,0,0,0,0,0,0,0,0,0,0,1,1,82,79,normal
37.999432,8,9,0,0,0,0,0,0,0,0,0,0,0,0,0,0,83,80,normal
37.999451,8,9,0,56,0,0,0,0,0,0,0,0,0,0,1,1,84,81,normal
1.998030,8,9,0,0,0,0,0,0,0,0,0,0,0,0,0,0,85,82,normal
1.998049,8,9,0,56,0,0,0,0,0,0,0,0,0,0,1,1,86,83,normal
38.999396,8,9,0,0,0,0,0,0,0,0,0,0,0,0,0,0,87,84,normal
38.999415,8,9,0,56,0,0,0,0,0,0,0,0,0,0,1,1,88,85,normal
2.997592,8,9,0,0,0,0,0,0,0,0,0,0,0,0,0,0,89,86,normal
2.997628,8,9,0,56,0,0,0,0,0,0,0,0,0,0,1,1,90,87,normal
39.999462,8,9,0,0,0,0,0,0,0,0,0,0,0,0,0,0,91,88,normal
39.999481,8,9,0,56,0,0,0,0,0,0,0,0,0,0,1,1,92,89,normal
3.997566,8,9,0,0,0,0,0,0,0,0,0,0,0,0,0,0,93,90,normal
3.997585,8,9,0,56,0,0,0,0,0,0,0,0,0,0,1,1,94,91,normal
40.999902,8,9,0,0,0,0,0,0,0,0,0,0,0,0,0,0,95,92,normal
40.999921,8,9,0,56,0,0,0,0,0,0,0,0,0,0,1,1,96,93,normal
4.997589,8,9,0,0,0,0,0,0,0,0,0,0,0,0,0,0,97,94,normal
4.997609,8,9,0,56,0,0,0,0,0,0,0,0,0,0,1,1,98,95,normal
42.000541,8,9,0,0,0,0,0,0,0,0,0,0,0,0,0,0,99,96,normal
42.000559,8,9,0,56,0,0,0,0,0,0,0,0,0,0,1,1,100,97,normal
0.198531,17529,1,0,0,0,0,0,0,0,0,0,0,0,0,0,0,100,0,normal
5.997627,8,9,0,0,0,0,0,0,0,0,0,0,0,0,0,0,100,98,normal
5.997654,8,9,0,56,0,0,0,0,0,0,0,0,0,0,1,1,100,98,normal
43.012128,8,9,0,0,0,0,0,0,0,0,0,0,0,0,0,0,100,98,normal
43.012147,8,9,0,56,0,0,0,0,0,0,0,0,0,0,1,1,100,98,normal
6.997665,8,9,0,0,0,0,0,0,0,0,0,0,0,0,0,0,100,98,normal
6.997684,8,9,0,56,0,0,0,0,0,0,0,0,0,0,1,1,100,98,normal
44.000771,8,9,0,0,0,0,0,0,0,0,0,0,0,0,0,0,100,98,normal
44.000796,8,9,0,56,0,0,0,0,0,0,0,0,0,0,1,1,100,98,normal
7.997632,8,9,0,0,0,0,0,0,0,0,0,0,0,0,0,0,100,98,normal
7.997653,8,9,0,56,0,0,0,0,0,0,0,0,0,0,1,1,100,98,normal
44.999791,8,9,0,0,0,0,0,0,0,0,0,0,0,0,0,0,100,98,normal
44.999809,8,9,0,56,0,0,0,0,0,0,0,0,0,0,1,1,100,98,normal
8.997713,8,9,0,0,0,0,0,0,0,0,0,0,0,0,0,0,100,98,normal
8.997732,8,9,0,56,0,0,0,0,0,0,0,0,0,0,1,1,100,98,normal
45.999491,8,9,0,0,0,0,0,0,0,0,0,0,0,0,0,0,100,98,normal
45.999511,8,9,0,56,0,0,0,0,0,0,0,0,0,0,1,1,100,98,normal
9.997626,8,9,0,0,0,0,0,0,0,0,0,0,0,0,0,0,100,98,normal
9.997646,8,9,0,56,0,0,0,0,0,0,0,0,0,0,1,1,100,98,normal
46.999450,8,9,0,0,0,0,0,0,0,0,0,0,0,0,0,0,100,98,normal
46.999475,8,9,0,56,0,0,0,0,0,0,0,0,0,0,1,1,100,98,normal
10.997694,8,9,0,0,0,0,0,0,0,0,0,0,0,0,0,0,100,98,normal
10.997713,8,9,0,56,0,0,0,0,0,0,0,0,0,0,1,1,100,98,normal
47.999514,8,9,0,0,0,0,0,0,0,0,0,0,0,0,0,0,100,98,normal
47.999532,8,9,0,56,0,0,0,0,0,0,0,0,0,0,1,1,100,98,normal
11.997664,8,9,0,0,0,0,0,0,0,0,0,0,0,0,0,0,100,98,normal
11.997683,8,9,0,56,0,0,0,0,0,0,0,0,0,0,1,1,100,98,normal
48.999528,8,9,0,0,0,0,0,0,0,0,0,0,0,0,0,0,100,98,normal
48.999547,8,9,0,56,0,0,0,0,0,0,0,0,0,0,1,1,100,98,normal
12.997723,8,9,0,0,0,0,0,0,0,0,0,0,0,0,0,0,100,98,normal
12.997742,8,9,0,56,0,0,0,0,0,0,0,0,0,0,1,1,100,98,normal
49.999502,8,9,0,0,0,0,0,0,0,0,0,0,0,0,0,0,100,98,normal
49.999521,8,9,0,56,0,0,0,0,0,0,0,0,0,0,1,1,100,98,normal
13.997748,8,9,0,0,0,0,0,0,0,0,0,0,0,0,0,0,100,98,normal
13.997767,8,9,0,56,0,0,0,0,0,0,0,0,0,0,1,1,100,98,normal
50.999567,8,9,0,0,0,0,0,0,0,0,0,0,0,0,0,0,100,98,normal
50.999585,8,9,0,56,0,0,0,0,0,0,0,0,0,0,1,1,100,98,normal
14.997751,8,9,0,0,0,0,0,0,0,0,0,0,0,0,0,0,100,98,normal
14.997770,8,9,0,56,0,0,0,0,0,0,0,0,0,0,1,1,100,98,normal
51.999543,8,9,0,0,0,0,0,0,0,0,0,0,0,0,0,0,100,98,normal
51.999560,8,9,0,56,0,0,0,0,0,0,0,0,0,0,1,1,100,98,normal
15.997774,8,9,0,0,0,0,0,0,0,0,0,0,0,0,0,0,100,98,normal
15.997793,8,9,0,56,0,0,0,0,0,0,0,0,0,0,1,1,100,98,normal
52.999557,8,9,0,0,0,0,0,0,0,0,0,0,0,0,0,0,100,98,normal
52.999576,8,9,0,56,0,0,0,0,0,0,0,0,0,0,1,1,100,98,normal
16.997753,8,9,0,0,0,0,0,0,0,0,0,0,0,0,0,0,100,98,normal
16.997773,8,9,0,56,0,0,0,0,0,0,0,0,0,0,1,1,100,98,normal
53.999562,8,9,0,0,0,0,0,0,0,0,0,0,0,0,0,0,100,98,normal
53.999581,8,9,0,56,0,0,0,0,0,0,0,0,0,0,1,1,100,98,normal
17.997815,8,9,0,0,0,0,0,0,0,0,0,0,0,0,0,0,100,98,normal
17.997834,8,9,0,56,0,0,0,0,0,0,0,0,0,0,1,1,100,98,normal
54.999625,8,9,0,0,0,0,0,0,0,0,0,0,0,0,0,0,100,98,normal
54.999644,8,9,0,56,0,0,0,0,0,0,0,0,0,0,1,1,100,98,normal
18.997781,8,9,0,0,0,0,0,0,0,0,0,0,0,0,0,0,100,98,normal
18.997800,8,9,0,56,0,0,0,0,0,0,0,0,0,0,1,1,100,98,normal
55.999651,8,9,0,0,0,0,0,0,0,0,0,0,0,0,0,0,100,98,normal
55.999670,8,9,0,56,0,0,0,0,0,0,0,0,0,0,1,1,100,98,normal
19.997885,8,9,0,0,0,0,0,0,0,0,0,0,0,0,0,0,100,98,normal
19.997904,8,9,0,56,0,0,0,0,0,0,0,0,0,0,1,1,100,98,normal
56.999641,8,9,0,0,0,0,0,0,0,0,0,0,0,0,0,0,100,98,normal
56.999662,8,9,0,56,0,0,0,0,0,0,0,0,0,0,1,1,100,99,normal
20.997843,8,9,0,0,0,0,0,0,0,0,0,0,0,0,0,0,100,99,normal
20.997862,8,9,0,56,0,0,0,0,0,0,0,0,0,0,1,1,100,99,normal
57.999895,8,9,0,0,0,0,0,0,0,0,0,0,0,0,0,0,100,99,normal
57.999914,8,9,0,56,0,0,0,0,0,0,0,0,0,0,1,1,100,99,normal
21.998471,8,9,0,0,0,0,0,0,0,0,0,0,0,0,0,0,100,99,normal
21.998490,8,9,0,56,0,0,0,0,0,0,0,0,0,0,1,1,100,99,normal
58.999667,8,9,0,0,0,0,0,0,0,0,0,0,0,0,0,0,100,99,normal
58.999686,8,9,0,56,0,0,0,0,0,0,0,0,0,0,1,1,100,99,normal
22.999097,8,9,0,0,0,0,0,0,0,0,0,0,0,0,0,0,100,99,normal
22.999116,8,9,0,56,0,0,0,0,0,0,0,0,0,0,1,1,100,99,normal
59.999722,8,9,0,0,0,0,0,0,0,0,0,0,0,0,0,0,100,99,normal
59.999742,8,9,0,56,0,0,0,0,0,0,0,0,0,0,1,1,100,99,normal
23.998126,8,9,0,0,0,0,0,0,0,0,0,0,0,0,0,0,100,99,normal
23.998146,8,9,0,56,0,0,0,0,0,0,0,0,0,0,1,1,100,99,normal
60.999698,8,9,0,0,0,0,0,0,0,0,0,0,0,0,0,0,100,99,normal
60.999717,8,9,0,56,0,0,0,0,0,0,0,0,0,0,1,1,100,99,normal
24.997884,8,9,0,0,0,0,0,0,0,0,0,0,0,0,0,0,100,99,normal
24.997903,8,9,0,56,0,0,0,0,0,0,0,0,0,0,1,1,100,99,normal
61.999730,8,9,0,0,0,0,0,0,0,0,0,0,0,0,0,0,100,99,normal
61.999749,8,9,0,56,0,0,0,0,0,0,0,0,0,0,1,1,100,99,normal
25.997962,8,9,0,0,0,0,0,0,0,0,0,0,0,0,0,0,100,99,normal
25.997982,8,9,0,56,0,0,0,0,0,0,0,0,0,0,1,1,100,99,normal
62.999704,8,9,0,0,0,0,0,0,0,0,0,0,0,0,0,0,100,99,normal
62.999723,8,9,0,56,0,0,0,0,0,0,0,0,0,0,1,1,100,99,normal
26.997942,8,9,0,0,0,0,0,0,0,0,0,0,0,0,0,0,100,99,normal
26.997968,8,9,0,56,0,0,0,0,0,0,0,0,0,0,1,1,100,99,normal
63.999750,8,9,0,0,0,0,0,0,0,0,0,0,0,0,0,0,100,99,normal
63.999769,8,9,0,56,0,0,0,0,0,0,0,0,0,0,1,1,100,99,normal
27.997942,8,9,0,0,0,0,0,0,0,0,0,0,0,0,0,0,100,99,normal
27.997960,8,9,0,56,0,0,0,0,0,0,0,0,0,0,1,1,100,99,normal
64.999771,8,9,0,0,0,0,0,0,0,0,0,0,0,0,0,0,100,99,normal
64.999791,8,9,0,56,0,0,0,0,0,0,0,0,0,0,1,1,100,99,normal
28.997912,8,9,0,0,0,0,0,0,0,0,0,0,0,0,0,0,100,99,normal
28.997931,8,9,0,56,0,0,0,0,0,0,0,0,0,0,1,1,100,99,normal
65.999808,8,9,0,0,0,0,0,0,0,0,0,0,0,0,0,0,100,99,normal
65.999828,8,9,0,56,0,0,0,0,0,0,0,0,0,0,1,1,100,99,normal
29.997971,8,9,0,0,0,0,0,0,0,0,0,0,0,0,0,0,100,99,normal
29.997990,8,9,0,56,0,0,0,0,0,0,0,0,0,0,1,1,100,99,normal
66.999785,8,9,0,0,0,0,0,0,0,0,0,0,0,0,0,0,100,99,normal
66.999805,8,9,0,56,0,0,0,0,0,0,0,0,0,0,1,1,100,99,normal
30.998003,8,9,0,0,0,0,0,0,0,0,0,0,0,0,0,0,100,100,normal
30.998022,8,9,0,56,0,0,0,0,0,0,0,0,0,0,1,1,100,100,normal
67.999799,8,9,0,0,0,0,0,0,0,0,0,0,0,0,0,0,100,100,normal
67.999819,8,9,0,56,0,0,0,0,0,0,0,0,0,0,1,1,100,100,normal
31.998000,8,9,0,0,0,0,0,0,0,0,0,0,0,0,0,0,100,100,normal
31.998019,8,9,0,56,0,0,0,0,0,0,0,0,0,0,1,1,100,100,normal
68.999851,8,9,0,0,0,0,0,0,0,0,0,0,0,0,0,0,100,100,normal
68.999870,8,9,0,56,0,0,0,0,0,0,0,0,0,0,1,1,100,100,normal
32.997988,8,9,0,0,0,0,0,0,0,0,0,0,0,0,0,0,100,100,normal
32.998008,8,9,0,56,0,0,0,0,0,0,0,0,0,0,1,1,100,100,normal
69.999821,8,9,0,0,0,0,0,0,0,0,0,0,0,0,0,0,100,100,normal
69.999841,8,9,0,56,0,0,0,0,0,0,0,0,0,0,1,1,100,100,normal
33.997996,8,9,0,0,0,0,0,0,0,0,0,0,0,0,0,0,100,100,normal
33.998015,8,9,0,56,0,0,0,0,0,0,0,0,0,0,1,1,100,100,normal
70.999829,8,9,0,0,0,0,0,0,0,0,0,0,0,0,0,0,100,100,normal
70.999849,8,9,0,56,0,0,0,0,0,0,0,0,0,0,1,1,100,100,normal
34.998025,8,9,0,0,0,0,0,0,0,0,0,0,0,0,0,0,100,100,normal
34.998045,8,9,0,56,0,0,0,0,0,0,0,0,0,0,1,1,100,100,normal
71.999866,8,9,0,0,0,0,0,0,0,0,0,0,0,0,0,0,100,100,normal
71.999885,8,9,0,56,0,0,0,0,0,0,0,0,0,0,1,1,100,100,normal
35.998040,8,9,0,0,0,0,0,0,0,0,0,0,0,0,0,0,100,100,normal
35.998060,8,9,0,56,0,0,0,0,0,0,0,0,0,0,1,1,100,100,normal
72.999875,8,9,0,0,0,0,0,0,0,0,0,0,0,0,0,0,100,100,normal
72.999895,8,9,0,56,0,0,0,0,0,0,0,0,0,0,1,1,100,100,normal
36.998060,8,9,0,0,0,0,0,0,0,0,0,0,0,0,0,0,100,100,normal
36.998079,8,9,0,56,0,0,0,0,0,0,0,0,0,0,1,1,100,100,normal
73.999898,8,9,0,0,0,0,0,0,0,0,0,0,0,0,0,0,100,100,normal
73.999915,8,9,0,56,0,0,0,0,0,0,0,0,0,0,1,1,100,100,normal
37.998052,8,9,0,0,0,0,0,0,0,0,0,0,0,0,0,0,100,100,normal
37.998071,8,9,0,56,0,0,0,0,0,0,0,0,0,0,1,1,100,100,normal
0.000021,80,1,0,0,0,0,0,0,0,0,0,0,0,0,0,0,100,0,normal
74.999890,8,9,0,0,0,0,0,0,0,0,0,0,0,0,0,0,100,99,normal
74.999908,8,9,0,56,0,0,0,0,0,0,0,0,0,0,1,1,100,99,normal
38.998152,8,9,0,0,0,0,0,0,0,0,0,0,0,0,0,0,100,99,normal
38.998171,8,9,0,56,0,0,0,0,0,0,0,0,0,0,1,1,100,99,normal
75.999912,8,9,0,0,0,0,0,0,0,0,0,0,0,0,0,0,100,99,normal
75.999931,8,9,0,56,0,0,0,0,0,0,0,0,0,0,1,1,100,99,normal
39.998137,8,9,0,0,0,0,0,0,0,0,0,0,0,0,0,0,100,99,normal
39.998157,8,9,0,56,0,0,0,0,0,0,0,0,0,0,1,1,100,99,normal
77.000083,8,9,0,0,0,0,0,0,0,0,0,0,0,0,0,0,100,99,normal
77.000102,8,9,0,56,0,0,0,0,0,0,0,0,0,0,1,1,100,99,normal
40.998177,8,9,0,0,0,0,0,0,0,0,0,0,0,0,0,0,100,99,normal
40.998196,8,9,0,56,0,0,0,0,0,0,0,0,0,0,1,1,100,99,normal
77.999986,8,9,0,0,0,0,0,0,0,0,0,0,0,0,0,0,100,99,normal
78.000004,8,9,0,56,0,0,0,0,0,0,0,0,0,0,1,1,100,99,normal
41.998244,8,9,0,0,0,0,0,0,0,0,0,0,0,0,0,0,100,99,normal
41.998263,8,9,0,56,0,0,0,0,0,0,0,0,0,0,1,1,100,99,normal
79.000001,8,9,0,0,0,0,0,0,0,0,0,0,0,0,0,0,100,99,normal
79.000019,8,9,0,56,0,0,0,0,0,0,0,0,0,0,1,1,100,99,normal
42.998204,8,9,0,0,0,0,0,0,0,0,0,0,0,0,0,0,100,99,normal
42.998224,8,9,0,56,0,0,0,0,0,0,0,0,0,0,1,1,100,99,normal
80.000698,8,9,0,0,0,0,0,0,0,0,0,0,0,0,0,0,100,99,normal
80.000729,8,9,0,56,0,0,0,0,0,0,0,0,0,0,1,1,100,99,normal
43.998205,8,9,0,0,0,0,0,0,0,0,0,0,0,0,0,0,100,99,normal
43.998224,8,9,0,56,0,0,0,0,0,0,0,0,0,0,1,1,100,99,normal
81.001345,8,9,0,0,0,0,0,0,0,0,0,0,0,0,0,0,100,99,normal
81.001364,8,9,0,56,0,0,0,0,0,0,0,0,0,0,1,1,100,99,normal
44.998203,8,9,0,0,0,0,0,0,0,0,0,0,0,0,0,0,100,99,normal
44.998222,8,9,0,56,0,0,0,0,0,0,0,0,0,0,1,1,100,99,normal
82.000395,8,9,0,0,0,0,0,0,0,0,0,0,0,0,0,0,100,99,normal
82.000414,8,9,0,56,0,0,0,0,0,0,0,0,0,0,1,1,100,99,normal
45.998260,8,9,0,0,0,0,0,0,0,0,0,0,0,0,0,0,100,99,normal
45.998279,8,9,0,56,0,0,0,0,0,0,0,0,0,0,1,1,100,99,normal
83.000045,8,9,0,0,0,0,0,0,0,0,0,0,0,0,0,0,100,99,normal
83.000076,8,9,0,56,0,0,0,0,0,0,0,0,0,0,1,1,100,99,normal
46.998252,8,9,0,0,0,0,0,0,0,0,0,0,0,0,0,0,100,99,normal
46.998271,8,9,0,56,0,0,0,0,0,0,0,0,0,0,1,1,100,99,normal
84.000101,8,9,0,0,0,0,0,0,0,0,0,0,0,0,0,0,100,99,normal
84.000120,8,9,0,56,0,0,0,0,0,0,0,0,0,0,1,1,100,99,normal
47.998272,8,9,0,0,0,0,0,0,0,0,0,0,0,0,0,0,100,99,normal
47.998291,8,9,0,56,0,0,0,0,0,0,0,0,0,0,1,1,100,99,normal
85.000139,8,9,0,0,0,0,0,0,0,0,0,0,0,0,0,0,100,99,normal
85.000165,8,9,0,56,0,0,0,0,0,0,0,0,0,0,1,1,100,99,normal
48.998257,8,9,0,0,0,0,0,0,0,0,0,0,0,0,0,0,100,99,normal
48.998276,8,9,0,56,0,0,0,0,0,0,0,0,0,0,1,1,100,99,normal
86.000143,8,9,0,0,0,0,0,0,0,0,0,0,0,0,0,0,100,99,normal
86.000163,8,9,0,56,0,0,0,0,0,0,0,0,0,0,1,1,100,99,normal
49.998338,8,9,0,0,0,0,0,0,0,0,0,0,0,0,0,0,100,99,normal
49.998357,8,9,0,56,0,0,0,0,0,0,0,0,0,0,1,1,100,99,normal
87.000185,8,9,0,0,0,0,0,0,0,0,0,0,0,0,0,0,100,99,normal
87.000203,8,9,0,56,0,0,0,0,0,0,0,0,0,0,1,1,100,99,normal
50.998365,8,9,0,0,0,0,0,0,0,0,0,0,0,0,0,0,100,99,normal
50.998383,8,9,0,56,0,0,0,0,0,0,0,0,0,0,1,1,100,99,normal
88.000143,8,9,0,0,0,0,0,0,0,0,0,0,0,0,0,0,100,99,normal
88.000163,8,9,0,56,0,0,0,0,0,0,0,0,0,0,1,1,100,99,normal
51.998363,8,9,0,0,0,0,0,0,0,0,0,0,0,0,0,0,100,99,normal
51.998381,8,9,0,56,0,0,0,0,0,0,0,0,0,0,1,1,100,99,normal
89.000228,8,9,0,0,0,0,0,0,0,0,0,0,0,0,0,0,100,99,normal
89.000247,8,9,0,56,0,0,0,0,0,0,0,0,0,0,1,1,100,99,normal
52.998393,8,9,0,0,0,0,0,0,0,0,0,0,0,0,0,0,100,99,normal
52.998413,8,9,0,56,0,0,0,0,0,0,0,0,0,0,1,1,100,99,normal
90.000148,8,9,0,0,0,0,0,0,0,0,0,0,0,0,0,0,100,99,normal
90.000167,8,9,0,56,0,0,0,0,0,0,0,0,0,0,1,1,100,99,normal
53.998413,8,9,0,0,0,0,0,0,0,0,0,0,0,0,0,0,100,99,normal
53.998432,8,9,0,56,0,0,0,0,0,0,0,0,0,0,1,1,100,99,normal
91.000224,8,9,0,0,0,0,0,0,0,0,0,0,0,0,0,0,100,99,normal
91.000243,8,9,0,56,0,0,0,0,0,0,0,0,0,0,1,1,100,99,normal
0.374464,7036,1,0,0,0,0,0,0,0,0,0,0,0,0,0,0,100,0,normal
54.998487,8,9,0,0,0,0,0,0,0,0,0,0,0,0,0,0,100,98,normal
54.998506,8,9,0,56,0,0,0,0,0,0,0,0,0,0,1,1,100,98,normal
92.000225,8,9,0,0,0,0,0,0,0,0,0,0,0,0,0,0,100,98,normal
92.000251,8,9,0,56,0,0,0,0,0,0,0,0,0,0,1,1,100,98,normal
55.998452,8,9,0,0,0,0,0,0,0,0,0,0,0,0,0,0,100,98,normal
55.998470,8,9,0,56,0,0,0,0,0,0,0,0,0,0,1,1,100,98,normal
93.000274,8,9,0,0,0,0,0,0,0,0,0,0,0,0,0,0,100,98,normal
93.000293,8,9,0,56,0,0,0,0,0,0,0,0,0,0,1,1,100,98,normal
56.998465,8,9,0,0,0,0,0,0,0,0,0,0,0,0,0,0,100,98,normal
56.998484,8,9,0,56,0,0,0,0,0,0,0,0,0,0,1,1,100,98,normal
94.000276,8,9,0,0,0,0,0,0,0,0,0,0,0,0,0,0,100,98,normal
94.000308,8,9,0,56,0,0,0,0,0,0,0,0,0,0,1,1,100,98,normal
57.998428,8,9,0,0,0,0,0,0,0,0,0,0,0,0,0,0,100,98,normal
57.998445,8,9,0,56,0,0,0,0,0,0,0,0,0,0,1,1,100,98,normal
95.000259,8,9,0,0,0,0,0,0,0,0,0,0,0,0,0,0,100,98,normal
95.000290,8,9,0,56,0,0,0,0,0,0,0,0,0,0,1,1,100,98,normal
58.998551,8,9,0,0,0,0,0,0,0,0,0,0,0,0,0,0,100,98,normal
58.998572,8,9,0,56,0,0,0,0,0,0,0,0,0,0,1,1,100,98,normal
96.000277,8,9,0,0,0,0,0,0,0,0,0,0,0,0,0,0,100,98,normal
96.000296,8,9,0,56,0,0,0,0,0,0,0,0,0,0,1,1,100,98,normal
59.998491,8,9,0,0,0,0,0,0,0,0,0,0,0,0,0,0,100,98,normal
59.998510,8,9,0,56,0,0,0,0,0,0,0,0,0,0,1,1,100,98,normal
97.000366,8,9,0,0,0,0,0,0,0,0,0,0,0,0,0,0,100,98,normal
97.000385,8,9,0,56,0,0,0,0,0,0,0,0,0,0,1,1,100,98,normal
60.998516,8,9,0,0,0,0,0,0,0,0,0,0,0,0,0,0,100,98,normal
60.998535,8,9,0,56,0,0,0,0,0,0,0,0,0,0,1,1,100,98,normal
98.000376,8,9,0,0,0,0,0,0,0,0,0,0,0,0,0,0,100,98,normal
98.000395,8,9,0,56,0,0,0,0,0,0,0,0,0,0,1,1,100,98,normal
61.998538,8,9,0,0,0,0,0,0,0,0,0,0,0,0,0,0,100,98,normal
61.998557,8,9,0,56,0,0,0,0,0,0,0,0,0,0,1,1,100,98,normal
99.000378,8,9,0,0,0,0,0,0,0,0,0,0,0,0,0,0,100,98,normal
99.000397,8,9,0,56,0,0,0,0,0,0,0,0,0,0,1,1,100,98,normal
62.998602,8,9,0,0,0,0,0,0,0,0,0,0,0,0,0,0,100,98,normal
62.998626,8,9,0,56,0,0,0,0,0,0,0,0,0,0,1,1,100,99,normal
100.000389,8,9,0,0,0,0,0,0,0,0,0,0,0,0,0,0,100,99,normal
100.000420,8,9,0,56,0,0,0,0,0,0,0,0,0,0,1,1,100,99,normal
63.998609,8,9,0,0,0,0,0,0,0,0,0,0,0,0,0,0,100,99,normal
63.998629,8,9,0,56,0,0,0,0,0,0,0,0,0,0,1,1,100,99,normal
101.000433,8,9,0,0,0,0,0,0,0,0,0,0,0,0,0,0,100,99,normal
101.000452,8,9,0,56,0,0,0,0,0,0,0,0,0,0,1,1,100,99,normal
64.998643,8,9,0,0,0,0,0,0,0,0,0,0,0,0,0,0,100,99,normal
64.998661,8,9,0,56,0,0,0,0,0,0,0,0,0,0,1,1,100,99,normal
0.000017,8900,1,0,0,0,0,0,0,0,0,0,0,0,0,0,0,100,0,normal
102.000483,8,9,0,0,0,0,0,0,0,0,0,0,0,0,0,0,100,98,normal
102.000501,8,9,0,56,0,0,0,0,0,0,0,0,0,0,1,1,100,98,normal
65.998613,8,9,0,0,0,0,0,0,0,0,0,0,0,0,0,0,100,98,normal
65.998632,8,9,0,56,0,0,0,0,0,0,0,0,0,0,1,1,100,98,normal
103.000476,8,9,0,0,0,0,0,0,0,0,0,0,0,0,0,0,100,98,normal
103.000495,8,9,0,56,0,0,0,0,0,0,0,0,0,0,1,1,100,98,normal
66.998643,8,9,0,0,0,0,0,0,0,0,0,0,0,0,0,0,100,98,normal
66.998662,8,9,0,56,0,0,0,0,0,0,0,0,0,0,1,1,100,98,normal
104.000499,8,9,0,0,0,0,0,0,0,0,0,0,0,0,0,0,100,98,normal
104.000518,8,9,0,56,0,0,0,0,0,0,0,0,0,0,1,1,100,98,normal
67.998668,8,9,0,0,0,0,0,0,0,0,0,0,0,0,0,0,100,98,normal
67.998687,8,9,0,56,0,0,0,0,0,0,0,0,0,0,1,1,100,98,normal
105.000504,8,9,0,0,0,0,0,0,0,0,0,0,0,0,0,0,100,98,normal
105.000524,8,9,0,56,0,0,0,0,0,0,0,0,0,0,1,1,100,98,normal
68.998631,8,9,0,0,0,0,0,0,0,0,0,0,0,0,0,0,100,98,normal
68.998651,8,9,0,56,0,0,0,0,0,0,0,0,0,0,1,1,100,98,normal
106.000470,8,9,0,0,0,0,0,0,0,0,0,0,0,0,0,0,100,98,normal
106.000489,8,9,0,56,0,0,0,0,0,0,0,0,0,0,1,1,100,98,normal
69.998669,8,9,0,0,0,0,0,0,0,0,0,0,0,0,0,0,100,98,normal
69.998689,8,9,0,56,0,0,0,0,0,0,0,0,0,0,1,1,100,98,normal
107.000493,8,9,0,0,0,0,0,0,0,0,0,0,0,0,0,0,100,98,normal
107.000513,8,9,0,56,0,0,0,0,0,0,0,0,0,0,1,1,100,98,normal
70.998717,8,9,0,0,0,0,0,0,0,0,0,0,0,0,0,0,100,98,normal
70.998737,8,9,0,56,0,0,0,0,0,0,0,0,0,0,1,1,100,98,normal
