0.200175,22,0,0,0,3,0,0,0,0,0,0,0,0,0,0,0,0,0,normal
0.197780,22,0,0,0,3,0,0,0,0,0,0,0,0,0,0,0,0,1,normal
0.200280,22,0,0,0,3,0,0,0,0,0,0,0,0,0,0,0,0,2,normal
0.198802,22,0,0,0,3,0,0,0,0,0,0,0,0,0,0,0,0,3,normal
0.209462,9773,1,0,0,0,0,0,0,0,0,0,0,0,0,0,0,1,0,normal
0.000042,23,1,0,0,0,0,0,0,0,0,0,0,0,0,0,0,1,0,normal
0.000021,6379,1,0,0,0,0,0,0,0,0,0,0,0,0,0,0,1,0,normal
0.182692,19006,1,0,0,0,0,0,0,0,0,0,0,0,0,0,0,2,0,normal
0.189954,3388,1,0,0,0,0,0,0,0,0,0,0,0,0,0,0,3,0,normal
0.188696,17300,1,0,0,0,0,0,0,0,0,0,0,0,0,0,0,2,0,normal
0.382470,22193,1,0,0,0,0,0,0,0,0,0,0,0,0,0,0,3,0,normal
0.195912,9500,1,0,0,0,0,0,0,0,0,0,0,0,0,0,0,4,0,normal
0.000000,3,10,0,0,0,0,0,0,0,0,0,0,0,0,1,0,5,0,normal
0.310375,65209,1,0,0,0,0,0,0,0,0,0,0,0,0,0,0,4,0,normal
0.586199,80,3,470,0,11,0,0,0,0,0,0,0,0,0,0,0,2,0,normal
0.332102,80,3,620,0,15,0,0,0,0,0,0,0,0,0,1,1,3,1,normal
0.234187,80,4,622,0,9,0,0,0,0,0,0,0,0,0,2,2,4,2,normal
0.222370,80,4,622,0,9,0,0,0,0,0,0,0,0,0,3,3,5,3,normal
0.330087,80,3,661,0,15,0,0,0,0,0,0,0,0,0,4,4,6,4,normal
0.656382,80,10,745,0,6,0,0,0,0,0,0,0,0,0,5,5,7,5,normal
0.328475,80,3,732,0,12,0,0,0,0,0,0,0,0,0,6,6,8,6,normal
0.326463,80,3,730,0,12,0,0,0,0,0,0,0,0,0,7,7,9,7,normal
0.160318,22,3,0,0,1,0,0,0,0,0,0,0,0,0,0,0,6,4,normal
0.330699,80,3,727,0,12,0,0,0,0,0,0,0,0,0,7,7,10,8,normal
2.972023,22,10,952,0,8,0,0,0,0,0,0,0,0,0,1,1,7,5,normal
0.321131,80,3,738,0,12,0,0,0,0,0,0,0,0,0,8,8,11,9,normal
0.326796,80,3,730,0,12,0,0,0,0,0,0,0,0,0,9,9,12,10,normal
0.225227,80,4,728,0,9,0,0,0,0,0,0,0,0,0,10,10,13,11,normal
0.807870,80,10,748,0,6,0,0,0,0,0,0,0,0,0,11,11,14,12,normal
0.217196,80,4,730,0,9,0,0,0,0,0,0,0,0,0,9,9,15,13,normal
1.030284,22,10,664,0,6,0,0,0,0,0,0,0,0,0,2,2,8,6,normal
0.317643,80,3,731,0,12,0,0,0,0,0,0,0,0,0,10,10,16,14,normal
0.322721,80,3,734,0,12,0,0,0,0,0,0,0,0,0,11,11,17,15,normal
0.227977,80,4,731,0,9,0,0,0,0,0,0,0,0,0,12,12,18,16,normal
0.214238,80,4,734,0,9,0,0,0,0,0,0,0,0,0,9,9,19,17,normal
0.218087,80,4,733,0,9,0,0,0,0,0,0,0,0,0,10,10,20,18,normal
0.334256,80,3,732,0,12,0,0,0,0,0,0,0,0,0,11,11,21,19,normal
0.314871,80,3,733,0,12,0,0,0,0,0,0,0,0,0,12,12,22,20,normal
0.311181,80,3,730,0,12,0,0,0,0,0,0,0,0,0,13,13,23,21,normal
0.317028,80,3,733,0,12,0,0,0,0,0,0,0,0,0,9,9,24,22,normal
0.212089,80,5,270,0,8,0,0,0,0,0,0,0,0,0,10,10,25,23,normal
0.000000,45873,3,0,0,0,0,0,0,0,0,0,0,0,0,0,0,1,0,normal
0.000020,84,1,0,0,0,0,0,0,0,0,0,0,0,0,0,0,2,0,normal
0.000000,80,5,0,0,3,0,0,0,0,0,0,0,0,0,0,0,5,24,normal
0.000000,80,0,0,0,1,0,0,0,0,0,0,0,0,0,0,0,6,25,normal
0.184884,1100,1,0,0,0,0,0,0,0,0,0,0,0,0,0,0,3,0,normal
0.000000,80,0,0,0,1,0,0,0,0,0,0,0,0,0,0,0,7,26,normal
0.000023,5027,1,0,0,0,0,0,0,0,0,0,0,0,0,0,0,9,0,normal
0.000000,57668,3,0,0,0,0,0,0,0,0,0,0,0,0,0,0,8,0,normal
0.000000,67,0,0,0,1,0,0,0,0,0,0,0,0,0,0,0,0,0,normal
0.000681,67,11,0,329,0,0,0,0,0,0,0,0,0,0,1,1,1,1,normal
0.000023,8080,1,0,0,0,0,0,0,0,0,0,0,0,0,0,0,10,0,normal
0.000000,80,0,0,0,1,0,0,0,0,0,0,0,0,0,0,0,9,27,normal
0.000019,23,1,0,0,0,0,0,0,0,0,0,0,0,0,0,0,4,1,normal
0.367889,9860,1,0,0,0,0,0,0,0,0,0,0,0,0,0,0,5,0,normal
0.185420,16200,1,0,0,0,0,0,0,0,0,0,0,0,0,1,0,6,0,normal
0.000020,8545,1,0,0,0,0,0,0,0,0,0,0,0,0,0,0,10,0,normal
0.219370,3389,1,0,0,0,0,0,0,0,0,0,0,0,0,1,0,11,0,normal
0.231150,3389,1,0,0,0,0,0,0,0,0,0,0,0,0,0,0,11,1,normal
0.208892,10390,1,0,0,0,0,0,0,0,0,0,0,0,0,0,0,12,0,normal
0.000000,55444,3,0,0,0,0,0,0,0,0,0,0,0,0,0,0,12,0,normal
0.193877,3384,1,0,0,0,0,0,0,0,0,0,0,0,0,0,0,13,0,normal
0.000000,3,10,0,0,0,0,0,0,0,0,0,0,0,0,1,0,14,1,normal
0.337092,9948,1,0,0,0,0,0,0,0,0,0,0,0,0,0,0,13,0,normal
0.325307,8088,1,0,0,0,0,0,0,0,0,0,0,0,0,0,0,15,0,normal
0.000029,80,1,0,0,0,0,0,0,0,0,0,0,0,0,0,0,16,28,normal
0.000023,80,1,0,0,0,1,0,0,0,0,0,0,0,0,0,0,17,29,normal
0.000035,80,1,0,0,0,0,0,0,0,0,0,0,0,0,1,1,18,30,normal
0.000021,80,1,0,0,0,0,0,0,0,0,0,0,0,0,2,2,19,31,normal
3.692234,22,4,1123,0,23,0,0,0,0,0,0,0,0,0,0,0,7,7,normal
0.000024,80,1,0,0,0,0,0,0,0,0,0,0,0,0,0,0,20,32,normal
0.327317,80,3,0,0,1,0,0,0,0,0,0,0,0,0,0,0,14,33,normal
0.975958,80,10,184,0,7,0,0,0,0,0,0,0,0,0,1,1,15,34,normal
0.000000,11211,5,0,0,0,0,0,0,0,0,0,0,0,0,0,0,16,0,normal
0.000000,3,10,0,0,0,0,0,0,0,0,0,0,0,0,0,0,0,0,normal
0.204074,13427,1,0,0,0,0,0,0,0,0,0,0,0,0,0,0,17,0,normal
0.000019,23,1,0,0,0,0,0,0,0,0,0,0,0,0,0,0,18,2,normal
0.000000,10138,3,0,0,0,0,0,0,0,0,0,0,0,0,0,0,8,0,normal
0.000020,8080,1,0,0,0,0,0,0,0,0,0,0,0,0,0,0,19,1,normal
0.000000,21428,3,0,0,0,0,0,0,0,0,0,0,0,0,0,0,9,0,normal
0.256567,9969,1,0,0,0,0,0,0,0,0,0,0,0,0,0,0,10,0,normal
0.000000,29251,3,0,0,0,0,0,0,0,0,0,0,0,0,0,0,20,0,normal
0.000000,5060,5,0,0,0,0,0,0,0,0,0,0,0,0,0,0,21,0,normal
0.000000,3,10,0,0,0,0,0,0,0,0,0,0,0,0,0,0,0,1,normal
0.000033,84,1,0,0,0,0,0,0,0,0,0,0,0,0,0,0,11,1,normal
0.193151,5400,1,0,0,0,0,0,0,0,0,0,0,0,0,0,0,12,0,normal
0.000000,3,10,0,0,0,0,0,0,0,0,0,0,0,0,1,0,13,2,normal
0.000024,6379,1,0,0,0,0,0,0,0,0,0,0,0,0,0,0,21,1,normal
0.395882,8084,1,0,0,0,0,0,0,0,0,0,0,0,0,0,0,22,0,normal
0.000037,28081,1,0,0,0,0,0,0,0,0,0,0,0,0,0,0,23,0,normal
3.000650,22,5,0,0,5,0,0,0,0,0,0,0,0,0,0,0,14,8,normal
0.206051,7940,1,0,0,0,0,0,0,0,0,0,0,0,0,0,0,24,0,normal
0.000000,3,10,0,0,0,0,0,0,0,0,0,0,0,0,1,0,25,3,normal
1.800935,22,10,1123,0,12,0,0,0,0,0,0,0,0,0,0,0,15,9,normal
0.000000,22,0,0,0,1,0,0,0,0,0,0,0,0,0,0,0,16,10,normal
0.000000,22,0,0,0,1,0,0,0,0,0,0,0,0,0,0,0,17,11,normal
0.000000,22,0,0,0,1,0,0,0,0,0,0,0,0,0,0,0,18,12,normal
0.000025,7001,1,0,0,0,0,0,0,0,0,0,0,0,0,0,0,26,0,normal
0.000021,8001,1,0,0,0,0,0,0,0,0,0,0,0,0,0,0,22,0,normal
0.000022,80,1,0,0,0,0,0,0,0,0,0,0,0,0,0,0,27,35,normal
0.000018,443,1,0,0,0,0,0,0,0,0,0,0,0,0,0,0,23,0,normal
0.000020,8890,1,0,0,0,0,0,0,0,0,0,0,0,0,0,0,19,0,normal
0.000023,80,1,0,0,0,0,0,0,0,0,0,0,0,0,0,0,28,36,normal
0.000019,23,1,0,0,0,0,0,0,0,0,0,0,0,0,0,0,23,3,normal
0.000022,23,1,0,0,0,0,0,0,0,0,0,0,0,0,0,0,24,4,normal
0.301835,7306,1,0,0,0,0,0,0,0,0,0,0,0,0,0,0,25,0,normal
0.000020,8545,1,0,0,0,0,0,0,0,0,0,0,0,0,0,0,19,1,normal
0.319125,3389,1,0,0,0,0,0,0,0,0,0,0,0,0,0,0,27,2,normal
0.173191,654,1,0,0,0,0,0,0,0,0,0,0,0,0,1,0,28,0,normal
0.000019,8180,1,0,0,0,0,0,0,0,0,0,0,0,0,0,0,23,0,normal
0.329950,3366,1,0,0,0,0,0,0,0,0,0,0,0,0,0,0,24,0,normal
0.000018,80,1,0,0,0,0,0,0,0,0,0,0,0,0,0,0,20,37,normal
0.000000,123,0,0,0,0,0,0,0,0,0,0,0,0,0,0,0,26,0,normal
0.000000,3,10,0,0,0,0,0,0,0,0,0,0,0,0,0,0,0,2,normal
0.000000,137,5,0,0,0,0,0,0,0,0,0,0,0,0,0,0,21,0,normal
0.000000,3,10,0,0,0,0,0,0,0,0,0,0,0,0,0,0,0,3,normal
0.189732,1089,1,0,0,0,0,0,0,0,0,0,0,0,0,0,0,26,0,normal
0.251451,65532,1,0,0,0,0,0,0,0,0,0,0,0,0,0,0,27,0,normal
0.187763,18007,1,0,0,0,0,0,0,0,0,0,0,0,0,0,0,28,0,normal
0.232874,50802,1,0,0,0,0,0,0,0,0,0,0,0,0,0,0,24,0,normal
0.000000,161,5,0,0,0,0,0,0,0,0,0,0,0,0,0,0,29,0,normal
0.000000,3,10,0,0,0,0,0,0,0,0,0,0,0,0,0,0,0,4,normal
3.002221,22,5,0,0,5,0,0,0,0,0,0,0,0,0,0,0,22,9,normal
3.166357,22,3,0,0,3,0,0,0,0,0,0,0,0,0,0,0,23,9,normal
3.003330,22,5,0,0,5,0,0,0,0,0,0,0,0,0,1,1,24,10,normal
0.000019,23,1,0,0,0,0,0,0,0,0,0,0,0,0,1,0,25,4,normal
0.000000,22,0,0,0,1,0,0,0,0,0,0,0,0,0,1,0,26,10,normal
3.006825,22,5,0,0,4,0,0,0,0,0,0,0,0,0,1,1,27,11,normal
0.000000,22,0,0,0,1,0,0,0,0,0,0,0,0,0,1,1,28,12,normal
0.000000,22,0,0,0,1,0,0,0,0,0,0,0,0,0,0,0,29,13,normal
0.000000,22,0,0,0,1,0,0,0,0,0,0,0,0,0,1,1,30,14,normal
0.000000,22,0,0,0,1,0,0,0,0,0,0,0,0,0,1,1,31,14,normal
0.000000,22,0,0,0,1,0,0,0,0,0,0,0,0,0,1,1,32,15,normal
0.000000,22,0,0,0,1,0,0,0,0,0,0,0,0,0,0,0,33,16,normal
0.194356,19700,1,0,0,0,0,0,0,0,0,0,0,0,0,0,0,27,0,normal
0.000000,22,0,0,0,1,0,0,0,0,0,0,0,0,0,0,0,34,17,normal
0.000000,123,0,0,0,1,0,0,0,0,0,0,0,0,0,0,0,0,1,normal
0.151928,123,0,0,0,0,0,0,0,0,0,0,0,0,0,1,1,1,2,normal
0.000000,22,0,0,0,1,0,0,0,0,0,0,0,0,0,0,0,35,18,normal
0.000000,22,0,0,0,1,0,0,0,0,0,0,0,0,0,0,0,36,19,normal
0.222654,101,1,0,0,0,0,0,0,0,0,0,0,0,0,0,0,28,0,normal
0.000021,23,1,0,0,0,0,0,0,0,0,0,0,0,0,0,0,37,5,normal
0.000020,23,1,0,0,0,0,0,0,0,0,0,0,0,0,0,0,25,6,normal
0.000023,5432,1,0,0,0,0,0,0,0,0,0,0,0,0,0,0,29,0,normal
0.000000,5555,0,0,0,1,0,0,0,0,0,0,0,0,0,0,0,25,0,normal
0.000020,21,1,0,0,0,0,0,0,0,0,0,0,0,0,0,0,36,0,normal
0.199989,23390,1,0,0,0,0,0,0,0,0,0,0,0,0,0,0,25,0,normal
0.199552,22,0,0,0,3,0,0,0,0,0,0,0,0,0,0,0,0,0,anomaly
0.000018,23328,1,0,0,0,0,0,0,0,0,0,0,0,0,1,0,1,0,anomaly
0.000005,20351,1,0,0,0,0,0,0,0,0,0,0,0,0,2,0,2,0,anomaly
0.000005,37592,1,0,0,0,0,0,0,0,0,0,0,0,0,3,0,3,0,anomaly
0.000017,58561,1,0,0,0,0,0,0,0,0,0,0,0,0,4,0,4,0,anomaly
0.000012,26114,1,0,0,0,0,0,0,0,0,0,0,0,0,5,0,5,0,anomaly
0.000021,51848,1,0,0,0,0,0,0,0,0,0,0,0,0,6,0,6,0,anomaly
0.000018,63794,1,0,0,0,0,0,0,0,0,0,0,0,0,7,0,7,0,anomaly
0.000005,49105,1,0,0,0,0,0,0,0,0,0,0,0,0,8,0,8,0,anomaly
0.000006,2007,1,0,0,0,0,0,0,0,0,0,0,0,0,9,0,9,0,anomaly
0.000015,42728,1,0,0,0,0,0,0,0,0,0,0,0,0,10,0,10,0,anomaly
0.000007,36760,1,0,0,0,0,0,0,0,0,0,0,0,0,11,0,11,0,anomaly
0.000009,27253,1,0,0,0,0,0,0,0,0,0,0,0,0,12,0,12,0,anomaly
0.000016,17991,1,0,0,0,0,0,0,0,0,0,0,0,0,13,0,13,0,anomaly
0.000011,46216,1,0,0,0,0,0,0,0,0,0,0,0,0,14,0,14,0,anomaly
0.000005,44059,1,0,0,0,0,0,0,0,0,0,0,0,0,15,0,15,0,anomaly
0.000003,50322,1,0,0,0,0,0,0,0,0,0,0,0,0,16,0,16,0,anomaly
0.000010,22993,1,0,0,0,0,0,0,0,0,0,0,0,0,17,0,17,0,anomaly
0.000010,63771,1,0,0,0,0,0,0,0,0,0,0,0,0,18,0,18,0,anomaly
0.000017,32396,1,0,0,0,0,0,0,0,0,0,0,0,0,19,0,19,0,anomaly
0.000004,673,1,0,0,0,0,0,0,0,0,0,0,0,0,20,0,20,0,anomaly
0.000005,5333,1,0,0,0,0,0,0,0,0,0,0,0,0,21,0,21,0,anomaly
0.000007,49648,1,0,0,0,0,0,0,0,0,0,0,0,0,22,0,22,0,anomaly
0.000007,10984,1,0,0,0,0,0,0,0,0,0,0,0,0,23,0,23,0,anomaly
0.000020,27571,1,0,0,0,0,0,0,0,0,0,0,0,0,24,0,24,0,anomaly
0.000007,30183,1,0,0,0,0,0,0,0,0,0,0,0,0,25,0,25,0,anomaly
0.000006,63610,1,0,0,0,0,0,0,0,0,0,0,0,0,26,0,26,0,anomaly
0.000018,23535,1,0,0,0,0,0,0,0,0,0,0,0,0,27,0,27,0,anomaly
0.000019,65401,1,0,0,0,0,0,0,0,0,0,0,0,0,28,0,28,0,anomaly
0.000019,35243,1,0,0,0,0,0,0,0,0,0,0,0,0,29,0,29,0,anomaly
0.000006,29100,1,0,0,0,0,0,0,0,0,0,0,0,0,30,0,30,0,anomaly
0.000005,32911,1,0,0,0,0,0,0,0,0,0,0,0,0,31,0,31,0,anomaly
0.000018,13962,1,0,0,0,0,0,0,0,0,0,0,0,0,32,0,32,0,anomaly
0.000006,37929,1,0,0,0,0,0,0,0,0,0,0,0,0,33,0,33,0,anomaly
0.000020,38499,1,0,0,0,0,0,0,0,0,0,0,0,0,34,0,34,0,anomaly
0.000013,48448,1,0,0,0,0,0,0,0,0,0,0,0,0,35,0,35,0,anomaly
0.000004,44034,1,0,0,0,0,0,0,0,0,0,0,0,0,36,0,36,0,anomaly
0.000011,6034,1,0,0,0,0,0,0,0,0,0,0,0,0,37,0,37,0,anomaly
0.000011,61359,1,0,0,0,0,0,0,0,0,0,0,0,0,38,0,38,0,anomaly
0.000007,15477,1,0,0,0,0,0,0,0,0,0,0,0,0,39,0,39,0,anomaly
0.000016,18579,1,0,0,0,0,0,0,0,0,0,0,0,0,40,0,40,0,anomaly
0.000007,33616,1,0,0,0,0,0,0,0,0,0,0,0,0,41,0,41,0,anomaly
0.000007,65118,1,0,0,0,0,0,0,0,0,0,0,0,0,42,0,42,0,anomaly
0.000005,35532,1,0,0,0,0,0,0,0,0,0,0,0,0,43,0,43,0,anomaly
0.000004,38829,1,0,0,0,0,0,0,0,0,0,0,0,0,44,0,44,0,anomaly
0.000006,32449,1,0,0,0,0,0,0,0,0,0,0,0,0,45,0,45,0,anomaly
0.000007,19844,1,0,0,0,0,0,0,0,0,0,0,0,0,46,0,46,0,anomaly
0.000011,54015,1,0,0,0,0,0,0,0,0,0,0,0,0,47,0,47,0,anomaly
0.000019,7865,1,0,0,0,0,0,0,0,0,0,0,0,0,48,0,48,0,anomaly
0.000006,49791,1,0,0,0,0,0,0,0,0,0,0,0,0,49,0,49,0,anomaly
0.000004,50206,1,0,0,0,0,0,0,0,0,0,0,0,0,50,0,50,0,anomaly
0.000004,21986,1,0,0,0,0,0,0,0,0,0,0,0,0,51,0,51,0,anomaly
0.000007,15477,1,0,0,0,0,0,0,0,0,0,0,0,0,52,1,52,1,anomaly
0.000007,51917,1,0,0,0,0,0,0,0,0,0,0,0,0,53,0,53,0,anomaly
0.000014,13320,1,0,0,0,0,0,0,0,0,0,0,0,0,54,0,54,0,anomaly
0.000006,9421,1,0,0,0,0,0,0,0,0,0,0,0,0,55,0,55,0,anomaly
0.000012,64538,1,0,0,0,0,0,0,0,0,0,0,0,0,56,0,56,0,anomaly
0.000012,35818,1,0,0,0,0,0,0,0,0,0,0,0,0,57,0,57,0,anomaly
0.000008,13875,1,0,0,0,0,0,0,0,0,0,0,0,0,58,0,58,0,anomaly
0.000004,64379,1,0,0,0,0,0,0,0,0,0,0,0,0,59,0,59,0,anomaly
0.000011,42235,1,0,0,0,0,0,0,0,0,0,0,0,0,60,0,60,0,anomaly
0.000005,43005,1,0,0,0,0,0,0,0,0,0,0,0,0,61,0,61,0,anomaly
0.000004,18936,1,0,0,0,0,0,0,0,0,0,0,0,0,62,0,62,0,anomaly
0.000004,7665,1,0,0,0,0,0,0,0,0,0,0,0,0,63,0,63,0,anomaly
0.000020,13320,1,0,0,0,0,0,0,0,0,0,0,0,0,64,1,64,1,anomaly
0.000020,39555,1,0,0,0,0,0,0,0,0,0,0,0,0,65,0,65,0,anomaly
0.000011,13823,1,0,0,0,0,0,0,0,0,0,0,0,0,66,0,66,0,anomaly
0.000020,18018,1,0,0,0,0,0,0,0,0,0,0,0,0,67,0,67,0,anomaly
0.000016,54084,1,0,0,0,0,0,0,0,0,0,0,0,0,68,0,68,0,anomaly
0.000007,59062,1,0,0,0,0,0,0,0,0,0,0,0,0,69,0,69,0,anomaly
0.000016,47206,1,0,0,0,0,0,0,0,0,0,0,0,0,70,0,70,0,anomaly
0.000017,59744,1,0,0,0,0,0,0,0,0,0,0,0,0,71,0,71,0,anomaly
0.000012,13320,1,0,0,0,0,0,0,0,0,0,0,0,0,72,2,72,2,anomaly
0.000005,54834,1,0,0,0,0,0,0,0,0,0,0,0,0,73,0,73,0,anomaly
0.000020,20520,1,0,0,0,0,0,0,0,0,0,0,0,0,74,0,74,0,anomaly
0.000020,50865,1,0,0,0,0,0,0,0,0,0,0,0,0,75,0,75,0,anomaly
0.000018,53875,1,0,0,0,0,0,0,0,0,0,0,0,0,76,0,76,0,anomaly
0.000019,13320,1,0,0,0,0,0,0,0,0,0,0,0,0,77,3,77,3,anomaly
0.000018,36160,1,0,0,0,0,0,0,0,0,0,0,0,0,78,0,78,0,anomaly
0.000018,53653,1,0,0,0,0,0,0,0,0,0,0,0,0,79,0,79,0,anomaly
0.000007,1614,1,0,0,0,0,0,0,0,0,0,0,0,0,80,0,80,0,anomaly
0.000011,16108,1,0,0,0,0,0,0,0,0,0,0,0,0,81,0,81,0,anomaly
0.000006,65080,1,0,0,0,0,0,0,0,0,0,0,0,0,82,0,82,0,anomaly
0.000016,23714,1,0,0,0,0,0,0,0,0,0,0,0,0,77,0,83,0,anomaly
0.000012,8275,1,0,0,0,0,0,0,0,0,0,0,0,0,78,0,84,0,anomaly
0.000004,35554,1,0,0,0,0,0,0,0,0,0,0,0,0,79,0,85,0,anomaly
0.000012,29207,1,0,0,0,0,0,0,0,0,0,0,0,0,80,0,86,0,anomaly
0.000019,9971,1,0,0,0,0,0,0,0,0,0,0,0,0,81,0,87,0,anomaly
0.000009,16466,1,0,0,0,0,0,0,0,0,0,0,0,0,82,0,88,0,anomaly
0.000009,5344,1,0,0,0,0,0,0,0,0,0,0,0,0,83,0,89,0,anomaly
0.000018,23041,1,0,0,0,0,0,0,0,0,0,0,0,0,84,0,90,0,anomaly
0.000008,9678,1,0,0,0,0,0,0,0,0,0,0,0,0,85,0,91,0,anomaly
0.000021,41793,1,0,0,0,0,0,0,0,0,0,0,0,0,86,0,92,0,anomaly
0.000005,22376,1,0,0,0,0,0,0,0,0,0,0,0,0,87,0,93,0,anomaly
0.000008,38142,1,0,0,0,0,0,0,0,0,0,0,0,0,88,0,94,0,anomaly
0.000019,55852,1,0,0,0,0,0,0,0,0,0,0,0,0,89,0,95,0,anomaly
0.000006,30884,1,0,0,0,0,0,0,0,0,0,0,0,0,90,0,96,0,anomaly
0.000013,7124,1,0,0,0,0,0,0,0,0,0,0,0,0,91,0,97,0,anomaly
0.000017,18600,1,0,0,0,0,0,0,0,0,0,0,0,0,92,0,98,0,anomaly
0.000009,20179,1,0,0,0,0,0,0,0,0,0,0,0,0,93,0,99,0,anomaly
0.000009,63807,1,0,0,0,0,0,0,0,0,0,0,0,0,94,0,100,0,anomaly
0.000012,40265,1,0,0,0,0,0,0,0,0,0,0,0,0,95,0,100,0,anomaly
0.000007,36765,1,0,0,0,0,0,0,0,0,0,0,0,0,96,0,100,0,anomaly
0.000018,59475,1,0,0,0,0,0,0,0,0,0,0,0,0,97,0,100,0,anomaly
0.000019,54306,1,0,0,0,0,0,0,0,0,0,0,0,0,98,0,100,0,anomaly
0.000016,7017,1,0,0,0,0,0,0,0,0,0,0,0,0,99,0,100,0,anomaly
0.000019,37696,1,0,0,0,0,0,0,0,0,0,0,0,0,100,0,100,0,anomaly
0.000010,34576,1,0,0,0,0,0,0,0,0,0,0,0,0,101,0,100,0,anomaly
0.000012,8110,1,0,0,0,0,0,0,0,0,0,0,0,0,102,0,100,0,anomaly
0.000005,22487,1,0,0,0,0,0,0,0,0,0,0,0,0,103,0,100,0,anomaly
0.000005,42760,1,0,0,0,0,0,0,0,0,0,0,0,0,104,0,100,0,anomaly
0.000005,50089,1,0,0,0,0,0,0,0,0,0,0,0,0,105,0,100,0,anomaly
0.000021,52585,1,0,0,0,0,0,0,0,0,0,0,0,0,106,0,100,0,anomaly
0.000019,60141,1,0,0,0,0,0,0,0,0,0,0,0,0,107,0,100,0,anomaly
0.000008,39472,1,0,0,0,0,0,0,0,0,0,0,0,0,108,0,100,0,anomaly
0.000009,64999,1,0,0,0,0,0,0,0,0,0,0,0,0,109,0,100,0,anomaly
0.000006,24085,1,0,0,0,0,0,0,0,0,0,0,0,0,110,0,100,0,anomaly
0.000002,60385,1,0,0,0,0,0,0,0,0,0,0,0,0,111,0,100,0,anomaly
0.000017,37696,1,0,0,0,0,0,0,0,0,0,0,0,0,112,1,100,1,anomaly
0.000022,34576,1,0,0,0,0,0,0,0,0,0,0,0,0,113,1,100,1,anomaly
0.000017,31156,1,0,0,0,0,0,0,0,0,0,0,0,0,114,0,100,0,anomaly
0.000014,6342,1,0,0,0,0,0,0,0,0,0,0,0,0,115,0,100,0,anomaly
0.000019,21811,1,0,0,0,0,0,0,0,0,0,0,0,0,116,0,100,0,anomaly
0.000005,33361,1,0,0,0,0,0,0,0,0,0,0,0,0,117,0,100,0,anomaly
0.000011,44496,1,0,0,0,0,0,0,0,0,0,0,0,0,118,0,100,0,anomaly
0.000004,29963,1,0,0,0,0,0,0,0,0,0,0,0,0,119,0,100,0,anomaly
0.000045,64209,1,0,0,0,0,0,0,0,0,0,0,0,0,120,0,100,0,anomaly
0.000017,24486,1,0,0,0,0,0,0,0,0,0,0,0,0,121,0,100,0,anomaly
0.000019,54106,1,0,0,0,0,0,0,0,0,0,0,0,0,122,0,100,0,anomaly
0.000004,34872,1,0,0,0,0,0,0,0,0,0,0,0,0,123,0,100,0,anomaly
0.000017,31084,1,0,0,0,0,0,0,0,0,0,0,0,0,89,0,100,0,anomaly
0.000004,20601,1,0,0,0,0,0,0,0,0,0,0,0,0,90,0,100,0,anomaly
0.000005,34565,1,0,0,0,0,0,0,0,0,0,0,0,0,91,0,100,0,anomaly
0.000004,19260,1,0,0,0,0,0,0,0,0,0,0,0,0,92,0,100,0,anomaly
0.000015,24774,1,0,0,0,0,0,0,0,0,0,0,0,0,93,0,100,0,anomaly
0.000018,5958,1,0,0,0,0,0,0,0,0,0,0,0,0,94,0,100,0,anomaly
0.000018,58935,1,0,0,0,0,0,0,0,0,0,0,0,0,95,0,100,0,anomaly
0.000019,12458,1,0,0,0,0,0,0,0,0,0,0,0,0,96,0,100,0,anomaly
0.000006,40906,1,0,0,0,0,0,0,0,0,0,0,0,0,97,0,100,0,anomaly
0.000006,25786,1,0,0,0,0,0,0,0,0,0,0,0,0,98,0,100,0,anomaly
0.000011,7033,1,0,0,0,0,0,0,0,0,0,0,0,0,99,0,100,0,anomaly
0.000010,50312,1,0,0,0,0,0,0,0,0,0,0,0,0,100,0,100,0,anomaly
0.000008,43429,1,0,0,0,0,0,0,0,0,0,0,0,0,101,0,100,0,anomaly
0.000005,13893,1,0,0,0,0,0,0,0,0,0,0,0,0,102,0,100,0,anomaly
0.000017,43943,1,0,0,0,0,0,0,0,0,0,0,0,0,103,0,100,0,anomaly
0.000029,1911,1,0,0,0,0,0,0,0,0,0,0,0,0,104,0,100,0,anomaly
0.000009,45957,1,0,0,0,0,0,0,0,0,0,0,0,0,105,0,100,0,anomaly
0.000016,40125,1,0,0,0,0,0,0,0,0,0,0,0,0,106,0,100,0,anomaly
0.000018,5790,1,0,0,0,0,0,0,0,0,0,0,0,0,107,0,100,0,anomaly
0.000008,55659,1,0,0,0,0,0,0,0,0,0,0,0,0,108,0,100,0,anomaly
0.000007,11329,1,0,0,0,0,0,0,0,0,0,0,0,0,109,0,100,0,anomaly
0.000012,58780,1,0,0,0,0,0,0,0,0,0,0,0,0,110,0,100,0,anomaly
0.000004,38472,1,0,0,0,0,0,0,0,0,0,0,0,0,111,0,100,0,anomaly
0.000006,15765,1,0,0,0,0,0,0,0,0,0,0,0,0,112,0,100,0,anomaly
0.000009,15526,1,0,0,0,0,0,0,0,0,0,0,0,0,113,0,100,0,anomaly
0.000016,53350,1,0,0,0,0,0,0,0,0,0,0,0,0,114,0,100,0,anomaly
0.000004,45957,1,0,0,0,0,0,0,0,0,0,0,0,0,115,1,100,1,anomaly
0.000015,13145,1,0,0,0,0,0,0,0,0,0,0,0,0,116,0,100,0,anomaly
0.000006,17392,1,0,0,0,0,0,0,0,0,0,0,0,0,117,0,100,0,anomaly
0.000019,4622,1,0,0,0,0,0,0,0,0,0,0,0,0,118,0,100,0,anomaly
0.000010,2548,1,0,0,0,0,0,0,0,0,0,0,0,0,119,0,100,0,anomaly
0.000009,139,1,0,0,0,0,0,0,0,0,0,0,0,0,120,0,100,0,anomaly
0.000004,20617,1,0,0,0,0,0,0,0,0,0,0,0,0,121,0,100,0,anomaly
0.000009,43781,1,0,0,0,0,0,0,0,0,0,0,0,0,122,0,100,0,anomaly
0.000007,65208,1,0,0,0,0,0,0,0,0,0,0,0,0,123,0,100,0,anomaly
0.230085,22,0,0,0,3,0,0,0,0,0,0,0,0,0,0,0,0,0,anomaly
0.000008,18786,1,0,0,0,0,0,0,0,0,0,0,0,0,124,0,99,0,anomaly
0.000011,63076,1,0,0,0,0,0,0,0,0,0,0,0,0,1,0,1,0,anomaly
0.000009,22070,1,0,0,0,0,0,0,0,0,0,0,0,0,125,0,98,0,anomaly
0.000021,62515,1,0,0,0,0,0,0,0,0,0,0,0,0,2,0,2,0,anomaly
0.000018,49123,1,0,0,0,0,0,0,0,0,0,0,0,0,3,0,3,0,anomaly
0.000015,27314,1,0,0,0,0,0,0,0,0,0,0,0,0,4,0,4,0,anomaly
0.000017,53172,1,0,0,0,0,0,0,0,0,0,0,0,0,126,0,95,0,anomaly
0.000006,25053,1,0,0,0,0,0,0,0,0,0,0,0,0,5,0,5,0,anomaly
0.000006,45957,1,0,0,0,0,0,0,0,0,0,0,0,0,127,2,94,2,anomaly
0.000007,34083,1,0,0,0,0,0,0,0,0,0,0,0,0,6,0,6,0,anomaly
0.000008,52345,1,0,0,0,0,0,0,0,0,0,0,0,0,7,0,7,0,anomaly
0.000017,17101,1,0,0,0,0,0,0,0,0,0,0,0,0,8,0,8,0,anomaly
0.000006,42115,1,0,0,0,0,0,0,0,0,0,0,0,0,9,0,9,0,anomaly
0.000006,4435,1,0,0,0,0,0,0,0,0,0,0,0,0,10,0,10,0,anomaly
0.000008,8755,1,0,0,0,0,0,0,0,0,0,0,0,0,11,0,11,0,anomaly
0.000005,30000,1,0,0,0,0,0,0,0,0,0,0,0,0,12,0,12,0,anomaly
0.000021,19722,1,0,0,0,0,0,0,0,0,0,0,0,0,86,0,87,0,anomaly
0.000005,56287,1,0,0,0,0,0,0,0,0,0,0,0,0,87,0,87,0,anomaly
0.000006,40287,1,0,0,0,0,0,0,0,0,0,0,0,0,13,0,13,0,anomaly
0.000004,25051,1,0,0,0,0,0,0,0,0,0,0,0,0,88,0,86,0,anomaly
0.000005,65299,1,0,0,0,0,0,0,0,0,0,0,0,0,14,0,14,0,anomaly
0.000006,60623,1,0,0,0,0,0,0,0,0,0,0,0,0,89,0,85,0,anomaly
0.000004,18537,1,0,0,0,0,0,0,0,0,0,0,0,0,15,0,15,0,anomaly
0.000004,56932,1,0,0,0,0,0,0,0,0,0,0,0,0,16,0,16,0,anomaly
0.000005,56385,1,0,0,0,0,0,0,0,0,0,0,0,0,90,0,83,0,anomaly
0.000008,21805,1,0,0,0,0,0,0,0,0,0,0,0,0,91,0,83,0,anomaly
0.000004,63076,1,0,0,0,0,0,0,0,0,0,0,0,0,17,1,17,1,anomaly
0.000014,18786,1,0,0,0,0,0,0,0,0,0,0,0,0,92,1,82,1,anomaly
0.000006,26425,1,0,0,0,0,0,0,0,0,0,0,0,0,18,0,18,0,anomaly
0.000021,43750,1,0,0,0,0,0,0,0,0,0,0,0,0,93,0,81,0,anomaly
0.000019,40259,1,0,0,0,0,0,0,0,0,0,0,0,0,19,0,19,0,anomaly
0.000005,16878,1,0,0,0,0,0,0,0,0,0,0,0,0,20,0,20,0,anomaly
0.000004,55461,1,0,0,0,0,0,0,0,0,0,0,0,0,21,0,21,0,anomaly
0.000011,45957,1,0,0,0,0,0,0,0,0,0,0,0,0,94,3,78,3,anomaly
0.000005,29695,1,0,0,0,0,0,0,0,0,0,0,0,0,22,0,22,0,anomaly
0.000008,57423,1,0,0,0,0,0,0,0,0,0,0,0,0,95,0,77,0,anomaly
0.000007,33635,1,0,0,0,0,0,0,0,0,0,0,0,0,23,0,23,0,anomaly
0.000005,45888,1,0,0,0,0,0,0,0,0,0,0,0,0,96,0,76,0,anomaly
0.000010,58004,1,0,0,0,0,0,0,0,0,0,0,0,0,97,0,76,0,anomaly
0.000021,39141,1,0,0,0,0,0,0,0,0,0,0,0,0,24,0,24,0,anomaly
0.000005,46984,1,0,0,0,0,0,0,0,0,0,0,0,0,25,0,25,0,anomaly
0.000009,21198,1,0,0,0,0,0,0,0,0,0,0,0,0,26,0,26,0,anomaly
0.000004,48495,1,0,0,0,0,0,0,0,0,0,0,0,0,27,0,27,0,anomaly
0.000025,41440,1,0,0,0,0,0,0,0,0,0,0,0,0,98,0,72,0,anomaly
0.000008,53958,1,0,0,0,0,0,0,0,0,0,0,0,0,28,0,28,0,anomaly
0.000005,47357,1,0,0,0,0,0,0,0,0,0,0,0,0,29,0,29,0,anomaly
0.000013,25513,1,0,0,0,0,0,0,0,0,0,0,0,0,99,0,70,0,anomaly
0.000007,27246,1,0,0,0,0,0,0,0,0,0,0,0,0,100,0,70,0,anomaly
0.000008,14388,1,0,0,0,0,0,0,0,0,0,0,0,0,30,0,30,0,anomaly
0.000005,45325,1,0,0,0,0,0,0,0,0,0,0,0,0,31,0,31,0,anomaly
0.000012,22407,1,0,0,0,0,0,0,0,0,0,0,0,0,101,0,68,0,anomaly
0.000018,24966,1,0,0,0,0,0,0,0,0,0,0,0,0,102,0,68,0,anomaly
0.000004,62564,1,0,0,0,0,0,0,0,0,0,0,0,0,103,0,68,0,anomaly
0.000007,59592,1,0,0,0,0,0,0,0,0,0,0,0,0,32,0,32,0,anomaly
0.000024,38009,1,0,0,0,0,0,0,0,0,0,0,0,0,33,0,33,0,anomaly
0.000006,17830,1,0,0,0,0,0,0,0,0,0,0,0,0,34,0,34,0,anomaly
0.000021,45957,1,0,0,0,0,0,0,0,0,0,0,0,0,104,4,65,4,anomaly
0.000007,31279,1,0,0,0,0,0,0,0,0,0,0,0,0,105,0,65,0,anomaly
0.000005,55832,1,0,0,0,0,0,0,0,0,0,0,0,0,35,0,35,0,anomaly
0.000006,2700,1,0,0,0,0,0,0,0,0,0,0,0,0,36,0,36,0,anomaly
0.000011,19213,1,0,0,0,0,0,0,0,0,0,0,0,0,106,0,63,0,anomaly
0.000005,49998,1,0,0,0,0,0,0,0,0,0,0,0,0,107,0,63,0,anomaly
0.000009,43575,1,0,0,0,0,0,0,0,0,0,0,0,0,37,0,37,0,anomaly
0.000004,57525,1,0,0,0,0,0,0,0,0,0,0,0,0,38,0,38,0,anomaly
0.000005,3736,1,0,0,0,0,0,0,0,0,0,0,0,0,39,0,39,0,anomaly
0.000007,51729,1,0,0,0,0,0,0,0,0,0,0,0,0,40,0,40,0,anomaly
0.000012,43519,1,0,0,0,0,0,0,0,0,0,0,0,0,108,0,59,0,anomaly
0.000008,20491,1,0,0,0,0,0,0,0,0,0,0,0,0,41,0,41,0,anomaly
0.000005,29820,1,0,0,0,0,0,0,0,0,0,0,0,0,42,0,42,0,anomaly
0.000007,59386,1,0,0,0,0,0,0,0,0,0,0,0,0,109,0,57,0,anomaly
0.000021,9967,1,0,0,0,0,0,0,0,0,0,0,0,0,43,0,43,0,anomaly
0.000005,65417,1,0,0,0,0,0,0,0,0,0,0,0,0,110,0,56,0,anomaly
0.000007,31659,1,0,0,0,0,0,0,0,0,0,0,0,0,44,0,44,0,anomaly
0.000004,16834,1,0,0,0,0,0,0,0,0,0,0,0,0,111,0,55,0,anomaly
0.000003,51964,1,0,0,0,0,0,0,0,0,0,0,0,0,112,0,55,0,anomaly
0.000004,25482,1,0,0,0,0,0,0,0,0,0,0,0,0,45,0,45,0,anomaly
0.000019,28397,1,0,0,0,0,0,0,0,0,0,0,0,0,113,0,54,0,anomaly
0.000024,63458,1,0,0,0,0,0,0,0,0,0,0,0,0,46,0,46,0,anomaly
0.000005,25901,1,0,0,0,0,0,0,0,0,0,0,0,0,47,0,47,0,anomaly
0.000004,31371,1,0,0,0,0,0,0,0,0,0,0,0,0,48,0,48,0,anomaly
0.000012,45957,1,0,0,0,0,0,0,0,0,0,0,0,0,114,5,51,5,anomaly
0.000009,17557,1,0,0,0,0,0,0,0,0,0,0,0,0,49,0,49,0,anomaly
0.000004,49023,1,0,0,0,0,0,0,0,0,0,0,0,0,50,0,50,0,anomaly
0.000006,27166,1,0,0,0,0,0,0,0,0,0,0,0,0,115,0,49,0,anomaly
0.000006,17799,1,0,0,0,0,0,0,0,0,0,0,0,0,51,0,51,0,anomaly
0.000005,62128,1,0,0,0,0,0,0,0,0,0,0,0,0,116,0,48,0,anomaly
0.000005,24163,1,0,0,0,0,0,0,0,0,0,0,0,0,52,0,52,0,anomaly
0.000004,25305,1,0,0,0,0,0,0,0,0,0,0,0,0,53,0,53,0,anomaly
0.000005,49130,1,0,0,0,0,0,0,0,0,0,0,0,0,117,0,46,0,anomaly
0.000006,42934,1,0,0,0,0,0,0,0,0,0,0,0,0,54,0,54,0,anomaly
0.000004,498,1,0,0,0,0,0,0,0,0,0,0,0,0,55,0,55,0,anomaly
0.000004,34022,1,0,0,0,0,0,0,0,0,0,0,0,0,56,0,56,0,anomaly
0.000005,19800,1,0,0,0,0,0,0,0,0,0,0,0,0,57,0,57,0,anomaly
0.000005,16419,1,0,0,0,0,0,0,0,0,0,0,0,0,58,0,58,0,anomaly
0.000012,31848,1,0,0,0,0,0,0,0,0,0,0,0,0,59,0,59,0,anomaly
0.000005,38105,1,0,0,0,0,0,0,0,0,0,0,0,0,60,0,60,0,anomaly
0.000019,54727,1,0,0,0,0,0,0,0,0,0,0,0,0,118,0,39,0,anomaly
0.000004,34929,1,0,0,0,0,0,0,0,0,0,0,0,0,119,0,39,0,anomaly
0.000009,44923,1,0,0,0,0,0,0,0,0,0,0,0,0,120,0,39,0,anomaly
0.000005,17027,1,0,0,0,0,0,0,0,0,0,0,0,0,121,0,39,0,anomaly
0.000004,50057,1,0,0,0,0,0,0,0,0,0,0,0,0,122,0,40,0,anomaly
0.000019,60795,1,0,0,0,0,0,0,0,0,0,0,0,0,123,0,40,0,anomaly
0.000019,297,1,0,0,0,0,0,0,0,0,0,0,0,0,61,0,59,0,anomaly
0.000006,49040,1,0,0,0,0,0,0,0,0,0,0,0,0,62,0,60,0,anomaly
0.000004,30771,1,0,0,0,0,0,0,0,0,0,0,0,0,63,0,60,0,anomaly
0.000021,59750,1,0,0,0,0,0,0,0,0,0,0,0,0,124,0,40,0,anomaly
0.000015,42655,1,0,0,0,0,0,0,0,0,0,0,0,0,125,0,41,0,anomaly
0.000006,15205,1,0,0,0,0,0,0,0,0,0,0,0,0,64,0,59,0,anomaly
0.000006,33630,1,0,0,0,0,0,0,0,0,0,0,0,0,65,0,59,0,anomaly
0.000006,9378,1,0,0,0,0,0,0,0,0,0,0,0,0,66,0,60,0,anomaly
0.000004,5664,1,0,0,0,0,0,0,0,0,0,0,0,0,67,0,60,0,anomaly
0.000006,11077,1,0,0,0,0,0,0,0,0,0,0,0,0,68,0,60,0,anomaly
0.000013,44725,1,0,0,0,0,0,0,0,0,0,0,0,0,126,0,40,0,anomaly
0.000012,31568,1,0,0,0,0,0,0,0,0,0,0,0,0,69,0,59,0,anomaly
0.000007,28312,1,0,0,0,0,0,0,0,0,0,0,0,0,70,0,59,0,anomaly
0.000010,24877,1,0,0,0,0,0,0,0,0,0,0,0,0,127,0,41,0,anomaly
0.000010,8126,1,0,0,0,0,0,0,0,0,0,0,0,0,71,0,58,0,anomaly
0.000004,46374,1,0,0,0,0,0,0,0,0,0,0,0,0,128,0,41,0,anomaly
0.000003,58333,1,0,0,0,0,0,0,0,0,0,0,0,0,129,0,41,0,anomaly
0.000010,46821,1,0,0,0,0,0,0,0,0,0,0,0,0,130,0,42,0,anomaly
0.000020,59810,1,0,0,0,0,0,0,0,0,0,0,0,0,72,0,58,0,anomaly
0.000008,45564,1,0,0,0,0,0,0,0,0,0,0,0,0,131,0,42,0,anomaly
0.000006,43535,1,0,0,0,0,0,0,0,0,0,0,0,0,73,0,58,0,anomaly
0.000007,38130,1,0,0,0,0,0,0,0,0,0,0,0,0,74,0,58,0,anomaly
0.000004,60293,1,0,0,0,0,0,0,0,0,0,0,0,0,132,0,42,0,anomaly
0.000005,34739,1,0,0,0,0,0,0,0,0,0,0,0,0,75,0,58,0,anomaly
0.000004,12781,1,0,0,0,0,0,0,0,0,0,0,0,0,76,0,59,0,anomaly
0.000012,32970,1,0,0,0,0,0,0,0,0,0,0,0,0,133,0,41,0,anomaly
0.000061,29183,1,0,0,0,0,0,0,0,0,0,0,0,0,77,0,59,0,anomaly
0.000020,41335,1,0,0,0,0,0,0,0,0,0,0,0,0,87,0,41,0,anomaly
0.000007,4845,1,0,0,0,0,0,0,0,0,0,0,0,0,78,0,59,0,anomaly
0.000013,19645,1,0,0,0,0,0,0,0,0,0,0,0,0,79,0,59,0,anomaly
0.000018,58204,1,0,0,0,0,0,0,0,0,0,0,0,0,88,0,41,0,anomaly
0.000008,59443,1,0,0,0,0,0,0,0,0,0,0,0,0,80,0,58,0,anomaly
0.000006,44336,1,0,0,0,0,0,0,0,0,0,0,0,0,81,0,59,0,anomaly
0.000004,24772,1,0,0,0,0,0,0,0,0,0,0,0,0,82,0,59,0,anomaly
0.000008,24877,1,0,0,0,0,0,0,0,0,0,0,0,0,83,1,60,1,anomaly
0.000011,22621,1,0,0,0,0,0,0,0,0,0,0,0,0,89,0,40,0,anomaly
0.000008,17224,1,0,0,0,0,0,0,0,0,0,0,0,0,84,0,60,0,anomaly
0.000007,2363,1,0,0,0,0,0,0,0,0,0,0,0,0,90,0,39,0,anomaly
0.000007,8813,1,0,0,0,0,0,0,0,0,0,0,0,0,85,0,60,0,anomaly
0.000005,2755,1,0,0,0,0,0,0,0,0,0,0,0,0,91,0,40,0,anomaly
0.000005,28739,1,0,0,0,0,0,0,0,0,0,0,0,0,86,0,59,0,anomaly
0.000005,13076,1,0,0,0,0,0,0,0,0,0,0,0,0,92,0,41,0,anomaly
0.000009,30590,1,0,0,0,0,0,0,0,0,0,0,0,0,87,0,59,0,anomaly
0.000005,64435,1,0,0,0,0,0,0,0,0,0,0,0,0,93,0,41,0,anomaly
0.000009,34200,1,0,0,0,0,0,0,0,0,0,0,0,0,88,0,58,0,anomaly
0.000008,55808,1,0,0,0,0,0,0,0,0,0,0,0,0,89,0,59,0,anomaly
0.000012,52208,1,0,0,0,0,0,0,0,0,0,0,0,0,94,0,40,0,anomaly
0.000004,33126,1,0,0,0,0,0,0,0,0,0,0,0,0,95,0,41,0,anomaly
0.000008,46932,1,0,0,0,0,0,0,0,0,0,0,0,0,96,0,42,0,anomaly
0.000010,31418,1,0,0,0,0,0,0,0,0,0,0,0,0,90,0,58,0,anomaly
0.000004,58428,1,0,0,0,0,0,0,0,0,0,0,0,0,97,0,41,0,anomaly
0.000007,64379,1,0,0,0,0,0,0,0,0,0,0,0,0,98,0,41,0,anomaly
0.000018,18688,1,0,0,0,0,0,0,0,0,0,0,0,0,91,0,58,0,anomaly
0.000005,18978,1,0,0,0,0,0,0,0,0,0,0,0,0,92,0,58,0,anomaly
0.000014,26680,1,0,0,0,0,0,0,0,0,0,0,0,0,99,0,42,0,anomaly
0.000005,48492,1,0,0,0,0,0,0,0,0,0,0,0,0,100,0,42,0,anomaly
0.000010,39592,1,0,0,0,0,0,0,0,0,0,0,0,0,93,0,58,0,anomaly
0.000003,42423,1,0,0,0,0,0,0,0,0,0,0,0,0,94,0,58,0,anomaly
0.000020,39582,1,0,0,0,0,0,0,0,0,0,0,0,0,95,0,58,0,anomaly
0.000009,19648,1,0,0,0,0,0,0,0,0,0,0,0,0,101,0,41,0,anomaly
0.000006,31585,1,0,0,0,0,0,0,0,0,0,0,0,0,96,0,59,0,anomaly
0.000006,11949,1,0,0,0,0,0,0,0,0,0,0,0,0,97,0,59,0,anomaly
0.000007,49160,1,0,0,0,0,0,0,0,0,0,0,0,0,102,0,41,0,anomaly
0.000010,62669,1,0,0,0,0,0,0,0,0,0,0,0,0,98,0,58,0,anomaly
0.000018,52662,1,0,0,0,0,0,0,0,0,0,0,0,0,99,0,58,0,anomaly
0.000008,41796,1,0,0,0,0,0,0,0,0,0,0,0,0,100,0,59,0,anomaly
0.000015,33785,1,0,0,0,0,0,0,0,0,0,0,0,0,103,0,41,0,anomaly
0.000006,4447,1,0,0,0,0,0,0,0,0,0,0,0,0,104,0,42,0,anomaly
0.000012,28019,1,0,0,0,0,0,0,0,0,0,0,0,0,101,0,58,0,anomaly
0.000004,35854,1,0,0,0,0,0,0,0,0,0,0,0,0,102,0,58,0,anomaly
0.000006,28055,1,0,0,0,0,0,0,0,0,0,0,0,0,105,0,41,0,anomaly
0.000005,12634,1,0,0,0,0,0,0,0,0,0,0,0,0,106,0,42,0,anomaly
0.000004,37737,1,0,0,0,0,0,0,0,0,0,0,0,0,107,0,42,0,anomaly
0.000004,10581,1,0,0,0,0,0,0,0,0,0,0,0,0,108,0,42,0,anomaly
0.000010,58112,1,0,0,0,0,0,0,0,0,0,0,0,0,103,0,57,0,anomaly
0.000005,60240,1,0,0,0,0,0,0,0,0,0,0,0,0,109,0,42,0,anomaly
0.000004,13303,1,0,0,0,0,0,0,0,0,0,0,0,0,104,0,57,0,anomaly
0.000004,27683,1,0,0,0,0,0,0,0,0,0,0,0,0,105,0,57,0,anomaly
0.000008,65426,1,0,0,0,0,0,0,0,0,0,0,0,0,106,0,57,0,anomaly
0.000007,4897,1,0,0,0,0,0,0,0,0,0,0,0,0,110,0,42,0,anomaly
0.000008,42766,1,0,0,0,0,0,0,0,0,0,0,0,0,107,0,57,0,anomaly
0.000004,46693,1,0,0,0,0,0,0,0,0,0,0,0,0,108,0,57,0,anomaly
0.000005,52072,1,0,0,0,0,0,0,0,0,0,0,0,0,111,0,42,0,anomaly
0.000004,5228,1,0,0,0,0,0,0,0,0,0,0,0,0,112,0,43,0,anomaly
0.000007,53103,1,0,0,0,0,0,0,0,0,0,0,0,0,109,0,57,0,anomaly
0.000005,30207,1,0,0,0,0,0,0,0,0,0,0,0,0,110,0,57,0,anomaly
0.000005,26919,1,0,0,0,0,0,0,0,0,0,0,0,0,111,0,57,0,anomaly
0.000026,53668,1,0,0,0,0,0,0,0,0,0,0,0,0,113,0,42,0,anomaly
0.000016,46235,1,0,0,0,0,0,0,0,0,0,0,0,0,112,0,57,0,anomaly
0.000007,5860,1,0,0,0,0,0,0,0,0,0,0,0,0,113,0,57,0,anomaly
0.000017,48332,1,0,0,0,0,0,0,0,0,0,0,0,0,114,0,43,0,anomaly
0.000010,23633,1,0,0,0,0,0,0,0,0,0,0,0,0,114,0,56,0,anomaly
0.000006,49210,1,0,0,0,0,0,0,0,0,0,0,0,0,115,0,56,0,anomaly
0.000007,35658,1,0,0,0,0,0,0,0,0,0,0,0,0,115,0,44,0,anomaly
0.000006,51422,1,0,0,0,0,0,0,0,0,0,0,0,0,116,0,55,0,anomaly
0.000004,36592,1,0,0,0,0,0,0,0,0,0,0,0,0,117,0,56,0,anomaly
0.000006,6637,1,0,0,0,0,0,0,0,0,0,0,0,0,118,0,57,0,anomaly
0.000006,7594,1,0,0,0,0,0,0,0,0,0,0,0,0,119,0,58,0,anomaly
0.000008,58319,1,0,0,0,0,0,0,0,0,0,0,0,0,116,0,41,0,anomaly
0.000007,29633,1,0,0,0,0,0,0,0,0,0,0,0,0,120,0,59,0,anomaly
0.000006,1216,1,0,0,0,0,0,0,0,0,0,0,0,0,121,0,60,0,anomaly
0.000005,23639,1,0,0,0,0,0,0,0,0,0,0,0,0,117,0,40,0,anomaly
0.000011,42216,1,0,0,0,0,0,0,0,0,0,0,0,0,122,0,59,0,anomaly
0.000013,16380,1,0,0,0,0,0,0,0,0,0,0,0,0,123,0,59,0,anomaly
0.000006,47876,1,0,0,0,0,0,0,0,0,0,0,0,0,124,0,60,0,anomaly
0.000005,58105,1,0,0,0,0,0,0,0,0,0,0,0,0,125,0,61,0,anomaly
0.000000,55366,5,0,0,0,0,0,0,0,0,0,0,0,0,118,0,39,0,anomaly
0.000013,34063,1,0,0,0,0,0,0,0,0,0,0,0,0,126,0,60,0,anomaly
0.000011,42509,1,0,0,0,0,0,0,0,0,0,0,0,0,127,0,60,0,anomaly
0.000008,12359,1,0,0,0,0,0,0,0,0,0,0,0,0,128,0,60,0,anomaly
0.000005,56035,1,0,0,0,0,0,0,0,0,0,0,0,0,129,0,60,0,anomaly
0.000006,38413,1,0,0,0,0,0,0,0,0,0,0,0,0,130,0,61,0,anomaly
0.000006,42903,1,0,0,0,0,0,0,0,0,0,0,0,0,131,0,61,0,anomaly
0.000007,42169,1,0,0,0,0,0,0,0,0,0,0,0,0,132,0,61,0,anomaly
0.000005,46487,1,0,0,0,0,0,0,0,0,0,0,0,0,133,0,62,0,anomaly
0.000021,8810,1,0,0,0,0,0,0,0,0,0,0,0,0,134,0,62,0,anomaly
0.000007,7857,1,0,0,0,0,0,0,0,0,0,0,0,0,135,0,63,0,anomaly
0.000009,8005,1,0,0,0,0,0,0,0,0,0,0,0,0,136,0,64,0,anomaly
0.000019,51001,1,0,0,0,0,0,0,0,0,0,0,0,0,137,0,65,0,anomaly
0.000005,10965,1,0,0,0,0,0,0,0,0,0,0,0,0,138,0,65,0,anomaly
0.000006,16380,1,0,0,0,0,0,0,0,0,0,0,0,0,139,1,66,1,anomaly
0.000013,12527,1,0,0,0,0,0,0,0,0,0,0,0,0,140,0,66,0,anomaly
0.000005,15767,1,0,0,0,0,0,0,0,0,0,0,0,0,141,0,66,0,anomaly
0.000010,25941,1,0,0,0,0,0,0,0,0,0,0,0,0,142,0,67,0,anomaly
0.000011,44724,1,0,0,0,0,0,0,0,0,0,0,0,0,143,0,67,0,anomaly
0.000017,31449,1,0,0,0,0,0,0,0,0,0,0,0,0,144,0,67,0,anomaly
0.000005,27164,1,0,0,0,0,0,0,0,0,0,0,0,0,145,0,68,0,anomaly
0.000009,59963,1,0,0,0,0,0,0,0,0,0,0,0,0,146,0,68,0,anomaly
0.000019,14501,1,0,0,0,0,0,0,0,0,0,0,0,0,147,0,69,0,anomaly
0.000005,6577,1,0,0,0,0,0,0,0,0,0,0,0,0,148,0,69,0,anomaly
0.000018,53099,1,0,0,0,0,0,0,0,0,0,0,0,0,149,0,69,0,anomaly
0.000008,16657,1,0,0,0,0,0,0,0,0,0,0,0,0,150,0,70,0,anomaly
0.000019,30063,1,0,0,0,0,0,0,0,0,0,0,0,0,143,0,70,0,anomaly
0.000005,63486,1,0,0,0,0,0,0,0,0,0,0,0,0,144,0,70,0,anomaly
0.000005,10909,1,0,0,0,0,0,0,0,0,0,0,0,0,145,0,70,0,anomaly
0.000004,13101,1,0,0,0,0,0,0,0,0,0,0,0,0,146,0,70,0,anomaly
0.000011,31485,1,0,0,0,0,0,0,0,0,0,0,0,0,147,0,71,0,anomaly
0.000007,45909,1,0,0,0,0,0,0,0,0,0,0,0,0,148,0,71,0,anomaly
0.000010,16863,1,0,0,0,0,0,0,0,0,0,0,0,0,149,0,72,0,anomaly
0.000007,47875,1,0,0,0,0,0,0,0,0,0,0,0,0,150,0,72,0,anomaly
0.000014,30145,1,0,0,0,0,0,0,0,0,0,0,0,0,151,0,73,0,anomaly
0.000004,30019,1,0,0,0,0,0,0,0,0,0,0,0,0,152,0,73,0,anomaly
0.000006,53099,1,0,0,0,0,0,0,0,0,0,0,0,0,153,1,74,1,anomaly
0.000006,41078,1,0,0,0,0,0,0,0,0,0,0,0,0,154,0,74,0,anomaly
0.000021,12353,1,0,0,0,0,0,0,0,0,0,0,0,0,155,0,75,0,anomaly
0.000008,53160,1,0,0,0,0,0,0,0,0,0,0,0,0,156,0,75,0,anomaly
0.000005,53294,1,0,0,0,0,0,0,0,0,0,0,0,0,157,0,75,0,anomaly
0.000004,44496,1,0,0,0,0,0,0,0,0,0,0,0,0,158,0,76,0,anomaly
0.000009,45559,1,0,0,0,0,0,0,0,0,0,0,0,0,159,0,77,0,anomaly
0.000014,63618,1,0,0,0,0,0,0,0,0,0,0,0,0,160,0,78,0,anomaly
0.000005,40353,1,0,0,0,0,0,0,0,0,0,0,0,0,161,0,78,0,anomaly
0.000006,58480,1,0,0,0,0,0,0,0,0,0,0,0,0,162,0,79,0,anomaly
0.000008,59583,1,0,0,0,0,0,0,0,0,0,0,0,0,163,0,80,0,anomaly
0.000006,17437,1,0,0,0,0,0,0,0,0,0,0,0,0,164,0,80,0,anomaly
0.000009,10850,1,0,0,0,0,0,0,0,0,0,0,0,0,165,0,80,0,anomaly
0.000004,21460,1,0,0,0,0,0,0,0,0,0,0,0,0,166,0,81,0,anomaly
0.000005,60282,1,0,0,0,0,0,0,0,0,0,0,0,0,167,0,82,0,anomaly
0.000011,53099,1,0,0,0,0,0,0,0,0,0,0,0,0,168,2,82,2,anomaly
0.000005,13996,1,0,0,0,0,0,0,0,0,0,0,0,0,169,0,82,0,anomaly
0.000014,54978,1,0,0,0,0,0,0,0,0,0,0,0,0,170,0,82,0,anomaly
0.000005,44175,1,0,0,0,0,0,0,0,0,0,0,0,0,171,0,83,0,anomaly
0.000006,30406,1,0,0,0,0,0,0,0,0,0,0,0,0,172,0,83,0,anomaly
0.000006,47264,1,0,0,0,0,0,0,0,0,0,0,0,0,173,0,83,0,anomaly
0.000007,46762,1,0,0,0,0,0,0,0,0,0,0,0,0,174,0,84,0,anomaly
0.000006,24516,1,0,0,0,0,0,0,0,0,0,0,0,0,175,0,84,0,anomaly
0.000005,24734,1,0,0,0,0,0,0,0,0,0,0,0,0,176,0,84,0,anomaly
0.000012,15396,1,0,0,0,0,0,0,0,0,0,0,0,0,177,0,84,0,anomaly
0.000006,54855,1,0,0,0,0,0,0,0,0,0,0,0,0,178,0,85,0,anomaly
0.000005,12964,1,0,0,0,0,0,0,0,0,0,0,0,0,179,0,86,0,anomaly
0.000003,14424,1,0,0,0,0,0,0,0,0,0,0,0,0,180,0,86,0,anomaly
0.000006,52191,1,0,0,0,0,0,0,0,0,0,0,0,0,181,0,86,0,anomaly
0.000010,33948,1,0,0,0,0,0,0,0,0,0,0,0,0,182,0,87,0,anomaly
0.000005,17890,1,0,0,0,0,0,0,0,0,0,0,0,0,183,0,88,0,anomaly
0.000012,27316,1,0,0,0,0,0,0,0,0,0,0,0,0,184,0,89,0,anomaly
0.000005,47118,1,0,0,0,0,0,0,0,0,0,0,0,0,185,0,90,0,anomaly
0.000004,53099,1,0,0,0,0,0,0,0,0,0,0,0,0,186,3,90,3,anomaly
0.000006,34645,1,0,0,0,0,0,0,0,0,0,0,0,0,187,0,91,0,anomaly
0.000005,23798,1,0,0,0,0,0,0,0,0,0,0,0,0,188,0,91,0,anomaly
0.000006,33454,1,0,0,0,0,0,0,0,0,0,0,0,0,189,0,91,0,anomaly
0.000007,43643,1,0,0,0,0,0,0,0,0,0,0,0,0,190,0,91,0,anomaly
0.000006,38144,1,0,0,0,0,0,0,0,0,0,0,0,0,191,0,92,0,anomaly
0.000008,30160,1,0,0,0,0,0,0,0,0,0,0,0,0,192,0,92,0,anomaly
0.000008,52706,1,0,0,0,0,0,0,0,0,0,0,0,0,193,0,92,0,anomaly
0.000007,57400,1,0,0,0,0,0,0,0,0,0,0,0,0,194,0,93,0,anomaly
0.000006,57962,1,0,0,0,0,0,0,0,0,0,0,0,0,195,0,94,0,anomaly
0.000007,26477,1,0,0,0,0,0,0,0,0,0,0,0,0,196,0,94,0,anomaly
0.000005,64253,1,0,0,0,0,0,0,0,0,0,0,0,0,197,0,94,0,anomaly
0.000004,21846,1,0,0,0,0,0,0,0,0,0,0,0,0,198,0,94,0,anomaly
0.000006,17787,1,0,0,0,0,0,0,0,0,0,0,0,0,199,0,95,0,anomaly
0.000019,58962,1,0,0,0,0,0,0,0,0,0,0,0,0,200,0,95,0,anomaly
0.000033,29191,1,0,0,0,0,0,0,0,0,0,0,0,0,201,0,95,0,anomaly
0.000006,12395,1,0,0,0,0,0,0,0,0,0,0,0,0,202,0,96,0,anomaly
0.000025,22561,1,0,0,0,0,0,0,0,0,0,0,0,0,203,0,96,0,anomaly
0.000004,53099,1,0,0,0,0,0,0,0,0,0,0,0,0,204,4,96,4,anomaly
0.000004,48081,1,0,0,0,0,0,0,0,0,0,0,0,0,136,0,97,0,anomaly
0.000003,37364,1,0,0,0,0,0,0,0,0,0,0,0,0,137,0,97,0,anomaly
0.000010,10717,1,0,0,0,0,0,0,0,0,0,0,0,0,138,0,97,0,anomaly
0.000019,44280,1,0,0,0,0,0,0,0,0,0,0,0,0,139,0,97,0,anomaly
0.000010,64861,1,0,0,0,0,0,0,0,0,0,0,0,0,140,0,97,0,anomaly
0.000005,33897,1,0,0,0,0,0,0,0,0,0,0,0,0,141,0,98,0,anomaly
0.000006,10397,1,0,0,0,0,0,0,0,0,0,0,0,0,142,0,98,0,anomaly
0.000007,21455,1,0,0,0,0,0,0,0,0,0,0,0,0,143,0,98,0,anomaly
0.000007,19922,1,0,0,0,0,0,0,0,0,0,0,0,0,144,0,99,0,anomaly
0.000007,33281,1,0,0,0,0,0,0,0,0,0,0,0,0,145,0,99,0,anomaly
0.000017,35972,1,0,0,0,0,0,0,0,0,0,0,0,0,146,0,99,0,anomaly
0.000006,22774,1,0,0,0,0,0,0,0,0,0,0,0,0,147,0,99,0,anomaly
0.000005,25178,1,0,0,0,0,0,0,0,0,0,0,0,0,148,0,99,0,anomaly
0.000008,139,1,0,0,0,0,0,0,0,0,0,0,0,0,149,0,100,0,anomaly
0.000004,38711,1,0,0,0,0,0,0,0,0,0,0,0,0,150,0,100,0,anomaly
0.000006,55130,1,0,0,0,0,0,0,0,0,0,0,0,0,151,0,100,0,anomaly
0.000007,56041,1,0,0,0,0,0,0,0,0,0,0,0,0,152,0,100,0,anomaly
0.000006,51427,1,0,0,0,0,0,0,0,0,0,0,0,0,153,0,100,0,anomaly
0.000004,39761,1,0,0,0,0,0,0,0,0,0,0,0,0,154,0,100,0,anomaly
0.000004,40248,1,0,0,0,0,0,0,0,0,0,0,0,0,155,0,100,0,anomaly
0.000004,24238,1,0,0,0,0,0,0,0,0,0,0,0,0,156,0,100,0,anomaly
0.000011,1154,1,0,0,0,0,0,0,0,0,0,0,0,0,157,0,100,0,anomaly
0.000007,40270,1,0,0,0,0,0,0,0,0,0,0,0,0,158,0,100,0,anomaly
0.000005,44836,1,0,0,0,0,0,0,0,0,0,0,0,0,159,0,100,0,anomaly
0.000005,51807,1,0,0,0,0,0,0,0,0,0,0,0,0,160,0,100,0,anomaly
0.000006,27211,1,0,0,0,0,0,0,0,0,0,0,0,0,161,0,100,0,anomaly
0.000005,39953,1,0,0,0,0,0,0,0,0,0,0,0,0,162,0,100,0,anomaly
0.000008,37723,1,0,0,0,0,0,0,0,0,0,0,0,0,163,0,100,0,anomaly
0.000006,47926,1,0,0,0,0,0,0,0,0,0,0,0,0,164,0,100,0,anomaly
0.000008,63274,1,0,0,0,0,0,0,0,0,0,0,0,0,165,0,100,0,anomaly
0.000016,49484,1,0,0,0,0,0,0,0,0,0,0,0,0,166,0,100,0,anomaly
0.000004,45851,1,0,0,0,0,0,0,0,0,0,0,0,0,167,0,100,0,anomaly
0.000007,42212,1,0,0,0,0,0,0,0,0,0,0,0,0,168,0,100,0,anomaly
0.000009,64566,1,0,0,0,0,0,0,0,0,0,0,0,0,169,0,100,0,anomaly
0.000000,27956,5,0,0,0,0,0,0,0,0,0,0,0,0,170,0,100,0,anomaly
0.250745,22,0,0,0,2,0,0,0,0,0,0,0,0,0,0,0,0,0,anomaly
0.000011,14822,1,0,0,0,0,0,0,0,0,0,0,0,0,1,0,1,0,anomaly
0.000006,53573,1,0,0,0,0,0,0,0,0,0,0,0,0,2,0,2,0,anomaly
0.000004,58827,1,0,0,0,0,0,0,0,0,0,0,0,0,3,0,3,0,anomaly
0.000004,47299,1,0,0,0,0,0,0,0,0,0,0,0,0,4,0,4,0,anomaly
0.000004,26011,1,0,0,0,0,0,0,0,0,0,0,0,0,5,0,5,0,anomaly
0.000006,52205,1,0,0,0,0,0,0,0,0,0,0,0,0,6,0,6,0,anomaly
0.000016,43651,1,0,0,0,0,0,0,0,0,0,0,0,0,7,0,7,0,anomaly
0.000004,50279,1,0,0,0,0,0,0,0,0,0,0,0,0,8,0,8,0,anomaly
0.000006,64691,1,0,0,0,0,0,0,0,0,0,0,0,0,9,0,9,0,anomaly
0.000005,29504,1,0,0,0,0,0,0,0,0,0,0,0,0,10,0,10,0,anomaly
0.000005,57888,1,0,0,0,0,0,0,0,0,0,0,0,0,11,0,11,0,anomaly
0.000012,21807,1,0,0,0,0,0,0,0,0,0,0,0,0,12,0,12,0,anomaly
0.000005,5510,1,0,0,0,0,0,0,0,0,0,0,0,0,13,0,13,0,anomaly
0.000008,39137,1,0,0,0,0,0,0,0,0,0,0,0,0,14,0,14,0,anomaly
0.000005,63323,1,0,0,0,0,0,0,0,0,0,0,0,0,15,0,15,0,anomaly
0.000006,54792,1,0,0,0,0,0,0,0,0,0,0,0,0,16,0,16,0,anomaly
0.000007,39441,1,0,0,0,0,0,0,0,0,0,0,0,0,17,0,17,0,anomaly
0.000004,45633,1,0,0,0,0,0,0,0,0,0,0,0,0,18,0,18,0,anomaly
0.000003,56431,1,0,0,0,0,0,0,0,0,0,0,0,0,19,0,19,0,anomaly
0.000007,27087,1,0,0,0,0,0,0,0,0,0,0,0,0,20,0,20,0,anomaly
0.000016,21640,1,0,0,0,0,0,0,0,0,0,0,0,0,21,0,21,0,anomaly
0.000006,24352,1,0,0,0,0,0,0,0,0,0,0,0,0,22,0,22,0,anomaly
0.000006,20199,1,0,0,0,0,0,0,0,0,0,0,0,0,23,0,23,0,anomaly
0.000009,54912,1,0,0,0,0,0,0,0,0,0,0,0,0,24,0,24,0,anomaly
0.000006,15853,1,0,0,0,0,0,0,0,0,0,0,0,0,25,0,25,0,anomaly
0.000006,33618,1,0,0,0,0,0,0,0,0,0,0,0,0,26,0,26,0,anomaly
0.000008,48207,1,0,0,0,0,0,0,0,0,0,0,0,0,27,0,27,0,anomaly
0.000009,37781,1,0,0,0,0,0,0,0,0,0,0,0,0,28,0,28,0,anomaly
0.000005,18544,1,0,0,0,0,0,0,0,0,0,0,0,0,29,0,29,0,anomaly
0.000002,59050,1,0,0,0,0,0,0,0,0,0,0,0,0,30,0,30,0,anomaly
0.000004,12985,1,0,0,0,0,0,0,0,0,0,0,0,0,31,0,31,0,anomaly
0.000011,58893,1,0,0,0,0,0,0,0,0,0,0,0,0,32,0,32,0,anomaly
0.000004,35033,1,0,0,0,0,0,0,0,0,0,0,0,0,33,0,33,0,anomaly
0.000004,9586,1,0,0,0,0,0,0,0,0,0,0,0,0,34,0,34,0,anomaly
0.000004,33766,1,0,0,0,0,0,0,0,0,0,0,0,0,35,0,35,0,anomaly
0.000007,29184,1,0,0,0,0,0,0,0,0,0,0,0,0,36,0,36,0,anomaly
0.000018,33677,1,0,0,0,0,0,0,0,0,0,0,0,0,37,0,37,0,anomaly
0.000007,1870,1,0,0,0,0,0,0,0,0,0,0,0,0,38,0,38,0,anomaly
0.000005,64280,1,0,0,0,0,0,0,0,0,0,0,0,0,39,0,39,0,anomaly
0.000004,54191,1,0,0,0,0,0,0,0,0,0,0,0,0,40,0,40,0,anomaly
0.000005,61657,1,0,0,0,0,0,0,0,0,0,0,0,0,41,0,41,0,anomaly
0.000005,28995,1,0,0,0,0,0,0,0,0,0,0,0,0,42,0,42,0,anomaly
0.000007,47369,1,0,0,0,0,0,0,0,0,0,0,0,0,43,0,43,0,anomaly
0.000004,7399,1,0,0,0,0,0,0,0,0,0,0,0,0,44,0,44,0,anomaly
1.096313,22,10,188,0,5,0,0,0,0,0,0,0,0,0,45,1,45,1,anomaly
0.000009,30427,1,0,0,0,0,0,0,0,0,0,0,0,0,46,0,46,0,anomaly
0.000005,22089,1,0,0,0,0,0,0,0,0,0,0,0,0,47,0,47,0,anomaly
0.000007,37644,1,0,0,0,0,0,0,0,0,0,0,0,0,48,0,48,0,anomaly
0.000007,17880,1,0,0,0,0,0,0,0,0,0,0,0,0,49,0,49,0,anomaly
0.000002,15380,1,0,0,0,0,0,0,0,0,0,0,0,0,50,0,50,0,anomaly
0.000004,20937,1,0,0,0,0,0,0,0,0,0,0,0,0,51,0,51,0,anomaly
0.000006,41208,1,0,0,0,0,0,0,0,0,0,0,0,0,52,0,52,0,anomaly
0.000005,21041,1,0,0,0,0,0,0,0,0,0,0,0,0,53,0,53,0,anomaly
0.000017,40705,1,0,0,0,0,0,0,0,0,0,0,0,0,54,0,54,0,anomaly
0.000009,31999,1,0,0,0,0,0,0,0,0,0,0,0,0,55,0,55,0,anomaly
0.000004,60030,1,0,0,0,0,0,0,0,0,0,0,0,0,56,0,56,0,anomaly
0.000002,11158,1,0,0,0,0,0,0,0,0,0,0,0,0,57,0,57,0,anomaly
0.000025,12996,1,0,0,0,0,0,0,0,0,0,0,0,0,58,0,58,0,anomaly
0.000005,265,1,0,0,0,0,0,0,0,0,0,0,0,0,59,0,59,0,anomaly
0.000007,43734,1,0,0,0,0,0,0,0,0,0,0,0,0,60,0,60,0,anomaly
0.000009,8059,1,0,0,0,0,0,0,0,0,0,0,0,0,61,0,61,0,anomaly
0.000005,8492,1,0,0,0,0,0,0,0,0,0,0,0,0,62,0,62,0,anomaly
0.000006,28421,1,0,0,0,0,0,0,0,0,0,0,0,0,63,0,63,0,anomaly
0.000004,36966,1,0,0,0,0,0,0,0,0,0,0,0,0,64,0,64,0,anomaly
0.000005,58778,1,0,0,0,0,0,0,0,0,0,0,0,0,65,0,65,0,anomaly
0.000006,29397,1,0,0,0,0,0,0,0,0,0,0,0,0,66,0,66,0,anomaly
0.000003,46521,1,0,0,0,0,0,0,0,0,0,0,0,0,67,0,67,0,anomaly
0.000005,44730,1,0,0,0,0,0,0,0,0,0,0,0,0,68,0,68,0,anomaly
0.000009,20823,1,0,0,0,0,0,0,0,0,0,0,0,0,69,0,69,0,anomaly
0.000005,48745,1,0,0,0,0,0,0,0,0,0,0,0,0,70,0,70,0,anomaly
0.000003,59837,1,0,0,0,0,0,0,0,0,0,0,0,0,71,0,71,0,anomaly
0.000021,57275,1,0,0,0,0,0,0,0,0,0,0,0,0,72,0,72,0,anomaly
0.000009,54661,1,0,0,0,0,0,0,0,0,0,0,0,0,73,0,73,0,anomaly
0.000014,14908,1,0,0,0,0,0,0,0,0,0,0,0,0,74,0,74,0,anomaly
0.000005,30575,1,0,0,0,0,0,0,0,0,0,0,0,0,75,0,75,0,anomaly
0.000009,52481,1,0,0,0,0,0,0,0,0,0,0,0,0,76,0,76,0,anomaly
0.000005,58467,1,0,0,0,0,0,0,0,0,0,0,0,0,77,0,77,0,anomaly
0.000003,35760,1,0,0,0,0,0,0,0,0,0,0,0,0,78,0,78,0,anomaly
0.000005,30871,1,0,0,0,0,0,0,0,0,0,0,0,0,79,0,79,0,anomaly
0.000004,30315,1,0,0,0,0,0,0,0,0,0,0,0,0,80,0,80,0,anomaly
0.000009,60955,1,0,0,0,0,0,0,0,0,0,0,0,0,81,0,81,0,anomaly
0.000007,64049,1,0,0,0,0,0,0,0,0,0,0,0,0,82,0,82,0,anomaly
0.000015,7481,1,0,0,0,0,0,0,0,0,0,0,0,0,83,0,83,0,anomaly
0.000007,57275,1,0,0,0,0,0,0,0,0,0,0,0,0,84,1,84,1,anomaly
0.000005,9536,1,0,0,0,0,0,0,0,0,0,0,0,0,85,0,85,0,anomaly
0.000005,22365,1,0,0,0,0,0,0,0,0,0,0,0,0,86,0,86,0,anomaly
0.000010,48920,1,0,0,0,0,0,0,0,0,0,0,0,0,87,0,87,0,anomaly
0.000007,60950,1,0,0,0,0,0,0,0,0,0,0,0,0,88,0,88,0,anomaly
0.000005,52362,1,0,0,0,0,0,0,0,0,0,0,0,0,89,0,89,0,anomaly
0.000002,36996,1,0,0,0,0,0,0,0,0,0,0,0,0,90,0,90,0,anomaly
0.000004,16205,1,0,0,0,0,0,0,0,0,0,0,0,0,91,0,91,0,anomaly
0.000005,63830,1,0,0,0,0,0,0,0,0,0,0,0,0,92,0,92,0,anomaly
0.000004,20310,1,0,0,0,0,0,0,0,0,0,0,0,0,93,0,93,0,anomaly
0.000005,36648,1,0,0,0,0,0,0,0,0,0,0,0,0,94,0,94,0,anomaly
0.000003,24142,1,0,0,0,0,0,0,0,0,0,0,0,0,95,0,95,0,anomaly
0.000009,50168,1,0,0,0,0,0,0,0,0,0,0,0,0,96,0,96,0,anomaly
0.000005,34385,1,0,0,0,0,0,0,0,0,0,0,0,0,97,0,97,0,anomaly
0.000008,36664,1,0,0,0,0,0,0,0,0,0,0,0,0,98,0,98,0,anomaly
0.000006,43089,1,0,0,0,0,0,0,0,0,0,0,0,0,99,0,99,0,anomaly
0.000007,25391,1,0,0,0,0,0,0,0,0,0,0,0,0,100,0,100,0,anomaly
0.000006,7619,1,0,0,0,0,0,0,0,0,0,0,0,0,101,0,100,0,anomaly
0.000004,54641,1,0,0,0,0,0,0,0,0,0,0,0,0,102,0,100,0,anomaly
0.000010,16138,1,0,0,0,0,0,0,0,0,0,0,0,0,103,0,100,0,anomaly
0.000009,63524,1,0,0,0,0,0,0,0,0,0,0,0,0,104,0,100,0,anomaly
0.000011,42026,1,0,0,0,0,0,0,0,0,0,0,0,0,105,0,100,0,anomaly
0.000006,43454,1,0,0,0,0,0,0,0,0,0,0,0,0,106,0,100,0,anomaly
0.000004,32801,1,0,0,0,0,0,0,0,0,0,0,0,0,107,0,100,0,anomaly
0.000007,50168,1,0,0,0,0,0,0,0,0,0,0,0,0,108,1,100,1,anomaly
0.000005,45646,1,0,0,0,0,0,0,0,0,0,0,0,0,109,0,100,0,anomaly
0.000004,36575,1,0,0,0,0,0,0,0,0,0,0,0,0,110,0,100,0,anomaly
0.000003,50907,1,0,0,0,0,0,0,0,0,0,0,0,0,111,0,100,0,anomaly
0.000003,39325,1,0,0,0,0,0,0,0,0,0,0,0,0,112,0,100,0,anomaly
0.000004,25825,1,0,0,0,0,0,0,0,0,0,0,0,0,113,0,100,0,anomaly
0.000006,48466,1,0,0,0,0,0,0,0,0,0,0,0,0,114,0,100,0,anomaly
0.000004,52833,1,0,0,0,0,0,0,0,0,0,0,0,0,115,0,100,0,anomaly
0.000005,30618,1,0,0,0,0,0,0,0,0,0,0,0,0,116,0,100,0,anomaly
0.000003,44939,1,0,0,0,0,0,0,0,0,0,0,0,0,117,0,100,0,anomaly
0.000004,47017,1,0,0,0,0,0,0,0,0,0,0,0,0,118,0,100,0,anomaly
0.000004,41731,1,0,0,0,0,0,0,0,0,0,0,0,0,119,0,100,0,anomaly
0.000002,46740,1,0,0,0,0,0,0,0,0,0,0,0,0,120,0,100,0,anomaly
0.000008,63524,1,0,0,0,0,0,0,0,0,0,0,0,0,121,1,100,1,anomaly
0.000006,44220,1,0,0,0,0,0,0,0,0,0,0,0,0,122,0,100,0,anomaly
0.000006,31540,1,0,0,0,0,0,0,0,0,0,0,0,0,123,0,100,0,anomaly
0.000006,51681,1,0,0,0,0,0,0,0,0,0,0,0,0,124,0,100,0,anomaly
0.000005,53765,1,0,0,0,0,0,0,0,0,0,0,0,0,125,0,100,0,anomaly
0.000005,51405,1,0,0,0,0,0,0,0,0,0,0,0,0,126,0,100,0,anomaly
0.000004,61742,1,0,0,0,0,0,0,0,0,0,0,0,0,127,0,100,0,anomaly
0.000004,50384,1,0,0,0,0,0,0,0,0,0,0,0,0,128,0,100,0,anomaly
0.000018,56930,1,0,0,0,0,0,0,0,0,0,0,0,0,129,0,100,0,anomaly
0.000004,61319,1,0,0,0,0,0,0,0,0,0,0,0,0,130,0,100,0,anomaly
0.000005,51321,1,0,0,0,0,0,0,0,0,0,0,0,0,131,0,100,0,anomaly
0.000006,48160,1,0,0,0,0,0,0,0,0,0,0,0,0,132,0,100,0,anomaly
0.000003,36030,1,0,0,0,0,0,0,0,0,0,0,0,0,133,0,100,0,anomaly
0.000007,13466,1,0,0,0,0,0,0,0,0,0,0,0,0,134,0,100,0,anomaly
0.000007,43964,1,0,0,0,0,0,0,0,0,0,0,0,0,135,0,100,0,anomaly
0.000006,56620,1,0,0,0,0,0,0,0,0,0,0,0,0,136,0,100,0,anomaly
0.000014,12864,1,0,0,0,0,0,0,0,0,0,0,0,0,137,0,100,0,anomaly
0.000012,30779,1,0,0,0,0,0,0,0,0,0,0,0,0,138,0,100,0,anomaly
0.000006,63524,1,0,0,0,0,0,0,0,0,0,0,0,0,139,2,100,2,anomaly
0.000004,53426,1,0,0,0,0,0,0,0,0,0,0,0,0,140,0,100,0,anomaly
0.000009,56447,1,0,0,0,0,0,0,0,0,0,0,0,0,141,0,100,0,anomaly
0.000007,19009,1,0,0,0,0,0,0,0,0,0,0,0,0,142,0,100,0,anomaly
0.000016,37325,1,0,0,0,0,0,0,0,0,0,0,0,0,143,0,100,0,anomaly
0.000006,11675,1,0,0,0,0,0,0,0,0,0,0,0,0,144,0,100,0,anomaly
0.000007,46811,1,0,0,0,0,0,0,0,0,0,0,0,0,145,0,100,0,anomaly
0.000015,60001,1,0,0,0,0,0,0,0,0,0,0,0,0,146,0,100,0,anomaly
0.000006,17207,1,0,0,0,0,0,0,0,0,0,0,0,0,147,0,100,0,anomaly
0.000007,34036,1,0,0,0,0,0,0,0,0,0,0,0,0,148,0,100,0,anomaly
0.000006,25000,1,0,0,0,0,0,0,0,0,0,0,0,0,149,0,100,0,anomaly
0.000005,32494,1,0,0,0,0,0,0,0,0,0,0,0,0,150,0,100,0,anomaly
0.000004,29202,1,0,0,0,0,0,0,0,0,0,0,0,0,151,0,100,0,anomaly
0.000004,54446,1,0,0,0,0,0,0,0,0,0,0,0,0,152,0,100,0,anomaly
0.000005,33242,1,0,0,0,0,0,0,0,0,0,0,0,0,153,0,100,0,anomaly
0.000004,63524,1,0,0,0,0,0,0,0,0,0,0,0,0,154,3,100,3,anomaly
0.000003,7296,1,0,0,0,0,0,0,0,0,0,0,0,0,155,0,100,0,anomaly
0.000010,30779,1,0,0,0,0,0,0,0,0,0,0,0,0,156,1,100,1,anomaly
0.000014,15255,1,0,0,0,0,0,0,0,0,0,0,0,0,157,0,100,0,anomaly
0.000005,7174,1,0,0,0,0,0,0,0,0,0,0,0,0,158,0,100,0,anomaly
0.000009,22163,1,0,0,0,0,0,0,0,0,0,0,0,0,159,0,100,0,anomaly
0.000007,48063,1,0,0,0,0,0,0,0,0,0,0,0,0,160,0,100,0,anomaly
0.000007,60221,1,0,0,0,0,0,0,0,0,0,0,0,0,161,0,100,0,anomaly
0.000006,42313,1,0,0,0,0,0,0,0,0,0,0,0,0,162,0,100,0,anomaly
0.000014,47197,1,0,0,0,0,0,0,0,0,0,0,0,0,163,0,100,0,anomaly
0.000007,57429,1,0,0,0,0,0,0,0,0,0,0,0,0,164,0,100,0,anomaly
0.000004,23159,1,0,0,0,0,0,0,0,0,0,0,0,0,165,0,100,0,anomaly
0.000009,18587,1,0,0,0,0,0,0,0,0,0,0,0,0,166,0,100,0,anomaly
0.000007,25905,1,0,0,0,0,0,0,0,0,0,0,0,0,167,0,100,0,anomaly
0.000008,63318,1,0,0,0,0,0,0,0,0,0,0,0,0,168,0,100,0,anomaly
0.000004,28366,1,0,0,0,0,0,0,0,0,0,0,0,0,169,0,100,0,anomaly
0.000004,43732,1,0,0,0,0,0,0,0,0,0,0,0,0,170,0,100,0,anomaly
0.000019,9694,1,0,0,0,0,0,0,0,0,0,0,0,0,171,0,100,0,anomaly
0.000020,27527,1,0,0,0,0,0,0,0,0,0,0,0,0,172,0,100,0,anomaly
0.000014,19849,1,0,0,0,0,0,0,0,0,0,0,0,0,173,0,100,0,anomaly
0.000004,30712,1,0,0,0,0,0,0,0,0,0,0,0,0,174,0,100,0,anomaly
0.000005,37679,1,0,0,0,0,0,0,0,0,0,0,0,0,175,0,100,0,anomaly
0.000005,41668,1,0,0,0,0,0,0,0,0,0,0,0,0,176,0,100,0,anomaly
0.000006,20950,1,0,0,0,0,0,0,0,0,0,0,0,0,177,0,100,0,anomaly
0.000015,32604,1,0,0,0,0,0,0,0,0,0,0,0,0,178,0,100,0,anomaly
0.000006,46197,1,0,0,0,0,0,0,0,0,0,0,0,0,179,0,100,0,anomaly
0.000005,60256,1,0,0,0,0,0,0,0,0,0,0,0,0,180,0,100,0,anomaly
0.000005,6036,1,0,0,0,0,0,0,0,0,0,0,0,0,181,0,100,0,anomaly
0.000005,65040,1,0,0,0,0,0,0,0,0,0,0,0,0,182,0,100,0,anomaly
0.000007,47104,1,0,0,0,0,0,0,0,0,0,0,0,0,183,0,100,0,anomaly
0.000009,11470,1,0,0,0,0,0,0,0,0,0,0,0,0,184,0,100,0,anomaly
0.000004,17397,1,0,0,0,0,0,0,0,0,0,0,0,0,185,0,100,0,anomaly
0.000004,43732,1,0,0,0,0,0,0,0,0,0,0,0,0,186,1,100,1,anomaly
0.000008,19849,1,0,0,0,0,0,0,0,0,0,0,0,0,187,1,100,1,anomaly
0.000004,27527,1,0,0,0,0,0,0,0,0,0,0,0,0,188,1,100,1,anomaly
0.000006,30712,1,0,0,0,0,0,0,0,0,0,0,0,0,189,1,100,1,anomaly
0.000004,37679,1,0,0,0,0,0,0,0,0,0,0,0,0,190,1,100,1,anomaly
0.000017,20950,1,0,0,0,0,0,0,0,0,0,0,0,0,191,1,100,1,anomaly
0.000004,32604,1,0,0,0,0,0,0,0,0,0,0,0,0,192,1,100,1,anomaly
0.000018,27217,1,0,0,0,0,0,0,0,0,0,0,0,0,193,0,100,0,anomaly
0.000019,54036,1,0,0,0,0,0,0,0,0,0,0,0,0,194,0,100,0,anomaly
0.000005,40203,1,0,0,0,0,0,0,0,0,0,0,0,0,195,0,100,0,anomaly
0.000006,63587,1,0,0,0,0,0,0,0,0,0,0,0,0,196,0,100,0,anomaly
0.000020,24673,1,0,0,0,0,0,0,0,0,0,0,0,0,197,0,100,0,anomaly
0.000018,4216,1,0,0,0,0,0,0,0,0,0,0,0,0,198,0,100,0,anomaly
0.000015,51448,1,0,0,0,0,0,0,0,0,0,0,0,0,127,0,100,0,anomaly
0.000005,27056,1,0,0,0,0,0,0,0,0,0,0,0,0,128,0,100,0,anomaly
0.000003,17261,1,0,0,0,0,0,0,0,0,0,0,0,0,129,0,100,0,anomaly
0.000013,34310,1,0,0,0,0,0,0,0,0,0,0,0,0,130,0,100,0,anomaly
0.000013,28674,1,0,0,0,0,0,0,0,0,0,0,0,0,131,0,100,0,anomaly
0.000009,16270,1,0,0,0,0,0,0,0,0,0,0,0,0,132,0,100,0,anomaly
0.000004,38378,1,0,0,0,0,0,0,0,0,0,0,0,0,133,0,100,0,anomaly
0.000011,24275,1,0,0,0,0,0,0,0,0,0,0,0,0,134,0,100,0,anomaly
0.000012,20479,1,0,0,0,0,0,0,0,0,0,0,0,0,135,0,100,0,anomaly
0.000012,63746,1,0,0,0,0,0,0,0,0,0,0,0,0,136,0,100,0,anomaly
0.000018,40698,1,0,0,0,0,0,0,0,0,0,0,0,0,137,0,100,0,anomaly
0.000005,19772,1,0,0,0,0,0,0,0,0,0,0,0,0,138,0,100,0,anomaly
0.000005,33599,1,0,0,0,0,0,0,0,0,0,0,0,0,139,0,100,0,anomaly
0.000005,8276,1,0,0,0,0,0,0,0,0,0,0,0,0,140,0,100,0,anomaly
0.000006,24096,1,0,0,0,0,0,0,0,0,0,0,0,0,141,0,100,0,anomaly
0.000003,55887,1,0,0,0,0,0,0,0,0,0,0,0,0,142,0,100,0,anomaly
0.000006,14302,1,0,0,0,0,0,0,0,0,0,0,0,0,143,0,100,0,anomaly
0.000013,19330,1,0,0,0,0,0,0,0,0,0,0,0,0,144,0,100,0,anomaly
0.000005,59847,1,0,0,0,0,0,0,0,0,0,0,0,0,145,0,100,0,anomaly
0.000018,27004,1,0,0,0,0,0,0,0,0,0,0,0,0,146,0,100,0,anomaly
0.000015,34940,1,0,0,0,0,0,0,0,0,0,0,0,0,147,0,100,0,anomaly
0.000013,13037,1,0,0,0,0,0,0,0,0,0,0,0,0,148,0,100,0,anomaly
0.000017,17534,1,0,0,0,0,0,0,0,0,0,0,0,0,149,0,100,0,anomaly
0.000011,43795,1,0,0,0,0,0,0,0,0,0,0,0,0,150,0,100,0,anomaly
0.000005,59697,1,0,0,0,0,0,0,0,0,0,0,0,0,151,0,100,0,anomaly
0.000004,38608,1,0,0,0,0,0,0,0,0,0,0,0,0,152,0,100,0,anomaly
0.000006,28775,1,0,0,0,0,0,0,0,0,0,0,0,0,153,0,100,0,anomaly
0.000004,5098,1,0,0,0,0,0,0,0,0,0,0,0,0,154,0,100,0,anomaly
0.000019,38833,1,0,0,0,0,0,0,0,0,0,0,0,0,155,0,100,0,anomaly
0.000008,46614,1,0,0,0,0,0,0,0,0,0,0,0,0,156,0,100,0,anomaly
0.000003,59937,1,0,0,0,0,0,0,0,0,0,0,0,0,157,0,100,0,anomaly
0.000019,28832,1,0,0,0,0,0,0,0,0,0,0,0,0,158,0,100,0,anomaly
0.000030,32458,1,0,0,0,0,0,0,0,0,0,0,0,0,159,0,100,0,anomaly
0.000006,62209,1,0,0,0,0,0,0,0,0,0,0,0,0,160,0,100,0,anomaly
0.000004,31148,1,0,0,0,0,0,0,0,0,0,0,0,0,161,0,100,0,anomaly
0.000011,55383,1,0,0,0,0,0,0,0,0,0,0,0,0,162,0,100,0,anomaly
0.000009,35174,1,0,0,0,0,0,0,0,0,0,0,0,0,163,0,100,0,anomaly
0.000009,34762,1,0,0,0,0,0,0,0,0,0,0,0,0,164,0,100,0,anomaly
0.000011,6863,1,0,0,0,0,0,0,0,0,0,0,0,0,165,0,100,0,anomaly
0.000012,63577,1,0,0,0,0,0,0,0,0,0,0,0,0,166,0,100,0,anomaly
0.000007,16202,1,0,0,0,0,0,0,0,0,0,0,0,0,167,0,100,0,anomaly
0.000007,59668,1,0,0,0,0,0,0,0,0,0,0,0,0,168,0,100,0,anomaly
0.000006,25287,1,0,0,0,0,0,0,0,0,0,0,0,0,169,0,100,0,anomaly
0.000005,33841,1,0,0,0,0,0,0,0,0,0,0,0,0,170,0,100,0,anomaly
0.000008,63015,1,0,0,0,0,0,0,0,0,0,0,0,0,171,0,100,0,anomaly
0.198293,22,0,0,0,3,0,0,0,0,0,0,0,0,0,0,0,0,0,anomaly
0.000000,80,0,2,0,1,0,0,0,0,0,0,0,0,0,1,0,1,0,anomaly
0.000000,80,0,2,0,1,0,0,0,0,0,0,0,0,0,2,1,2,1,anomaly
0.000000,80,0,2,0,1,0,0,0,0,0,0,0,0,0,3,2,3,2,anomaly
0.000000,80,0,2,0,1,0,0,0,0,0,0,0,0,0,4,3,4,3,anomaly
0.000000,80,0,2,0,1,0,0,0,0,0,0,0,0,0,5,4,5,4,anomaly
0.000000,80,5,0,0,1,0,0,0,0,0,0,0,0,0,6,5,6,5,anomaly
0.000000,80,5,0,0,1,0,0,0,0,0,0,0,0,0,7,6,7,6,anomaly
0.000000,80,5,0,0,0,0,0,0,0,0,0,0,0,0,8,7,8,7,anomaly
0.000000,80,5,0,0,0,0,0,0,0,0,0,0,0,0,9,8,9,8,anomaly
0.000000,80,5,0,0,0,0,0,0,0,0,0,0,0,0,10,9,10,9,anomaly
0.000010,38840,1,0,0,0,0,0,0,0,0,0,0,0,0,11,0,11,0,anomaly
0.000000,80,0,2,0,1,0,0,0,0,0,0,0,0,0,12,10,12,10,anomaly
0.000000,80,0,2,0,1,0,0,0,0,0,0,0,0,0,13,11,13,11,anomaly
0.000000,80,0,2,0,1,0,0,0,0,0,0,0,0,0,14,12,14,12,anomaly
0.000000,80,0,2,0,1,0,0,0,0,0,0,0,0,0,15,13,15,13,anomaly
0.000000,80,0,2,0,1,0,0,0,0,0,0,0,0,0,16,14,16,14,anomaly
0.000000,80,0,3,0,1,0,0,0,0,0,0,0,0,0,17,15,17,15,anomaly
0.000000,80,0,3,0,1,0,0,0,0,0,0,0,0,0,18,16,18,16,anomaly
0.000000,80,0,2,0,1,0,0,0,0,0,0,0,0,0,19,17,19,17,anomaly
0.000000,80,0,2,0,1,0,0,0,0,0,0,0,0,0,20,18,20,18,anomaly
0.000000,80,0,2,0,1,0,0,0,0,0,0,0,0,0,21,19,21,19,anomaly
0.000000,80,0,2,0,1,0,0,0,0,0,0,0,0,0,22,20,22,20,anomaly
0.000000,80,0,2,0,1,0,0,0,0,0,0,0,0,0,23,21,23,21,anomaly
0.000000,80,0,2,0,1,0,0,0,0,0,0,0,0,0,24,22,24,22,anomaly
0.000000,80,0,3,0,1,0,0,0,0,0,0,0,0,0,25,23,25,23,anomaly
0.000000,80,0,2,0,1,0,0,0,0,0,0,0,0,0,26,24,26,24,anomaly
0.000005,28987,1,0,0,0,0,0,0,0,0,0,0,0,0,27,0,27,0,anomaly
0.000000,80,0,2,0,1,0,0,0,0,0,0,0,0,0,28,25,28,25,anomaly
0.000000,80,0,3,0,1,0,0,0,0,0,0,0,0,0,29,26,29,26,anomaly
0.000000,80,0,2,0,1,0,0,0,0,0,0,0,0,0,30,27,30,27,anomaly
0.000000,80,0,3,0,1,0,0,0,0,0,0,0,0,0,31,28,31,28,anomaly
0.000000,80,0,2,0,1,0,0,0,0,0,0,0,0,0,32,29,32,29,anomaly
0.000000,80,0,3,0,1,0,0,0,0,0,0,0,0,0,33,30,33,30,anomaly
0.000000,80,0,2,0,1,0,0,0,0,0,0,0,0,0,34,31,34,31,anomaly
0.000000,80,0,2,0,1,0,0,0,0,0,0,0,0,0,35,32,35,32,anomaly
0.000000,80,0,2,0,1,0,0,0,0,0,0,0,0,0,36,33,36,33,anomaly
0.000000,80,0,3,0,1,0,0,0,0,0,0,0,0,0,37,34,37,34,anomaly
0.000000,80,0,3,0,1,0,0,0,0,0,0,0,0,0,38,35,38,35,anomaly
0.000000,80,0,3,0,1,0,0,0,0,0,0,0,0,0,39,36,39,36,anomaly
0.000000,80,0,2,0,1,0,0,0,0,0,0,0,0,0,40,37,40,37,anomaly
0.000000,80,0,2,0,1,0,0,0,0,0,0,0,0,0,41,38,41,38,anomaly
0.000000,80,0,3,0,1,0,0,0,0,0,0,0,0,0,42,39,42,39,anomaly
0.000000,80,5,0,0,0,0,0,0,0,0,0,0,0,0,43,40,43,40,anomaly
0.000000,80,0,2,0,1,0,0,0,0,0,0,0,0,0,44,41,44,41,anomaly
0.000000,80,0,3,0,1,0,0,0,0,0,0,0,0,0,45,42,45,42,anomaly
0.000000,80,0,3,0,1,0,0,0,0,0,0,0,0,0,46,43,46,43,anomaly
0.000000,80,0,2,0,1,0,0,0,0,0,0,0,0,0,47,44,47,44,anomaly
0.000000,80,0,2,0,1,0,0,0,0,0,0,0,0,0,48,45,48,45,anomaly
0.000000,80,0,3,0,1,0,0,0,0,0,0,0,0,0,49,46,49,46,anomaly
0.000000,80,0,3,0,1,0,0,0,0,0,0,0,0,0,50,47,50,47,anomaly
0.000000,80,0,3,0,1,0,0,0,0,0,0,0,0,0,51,48,51,48,anomaly
0.000000,80,0,2,0,1,0,0,0,0,0,0,0,0,0,52,49,52,49,anomaly
0.000000,80,0,2,0,1,0,0,0,0,0,0,0,0,0,53,50,53,50,anomaly
0.000000,80,0,3,0,1,0,0,0,0,0,0,0,0,0,54,51,54,51,anomaly
0.000006,19247,1,0,0,0,0,0,0,0,0,0,0,0,0,55,0,55,0,anomaly
0.000000,80,0,3,0,1,0,0,0,0,0,0,0,0,0,56,52,56,52,anomaly
0.000000,80,0,2,0,1,0,0,0,0,0,0,0,0,0,57,53,57,53,anomaly
0.000000,80,0,3,0,1,0,0,0,0,0,0,0,0,0,58,54,58,54,anomaly
0.000000,80,0,3,0,1,0,0,0,0,0,0,0,0,0,59,55,59,55,anomaly
0.000005,64041,1,0,0,0,0,0,0,0,0,0,0,0,0,60,0,60,0,anomaly
0.000000,80,0,3,0,1,0,0,0,0,0,0,0,0,0,61,56,61,56,anomaly
0.000004,45220,1,0,0,0,0,0,0,0,0,0,0,0,0,62,0,62,0,anomaly
0.000006,63000,1,0,0,0,0,0,0,0,0,0,0,0,0,63,0,63,0,anomaly
0.000000,80,0,2,0,1,0,0,0,0,0,0,0,0,0,64,57,64,57,anomaly
0.000000,80,0,2,0,1,0,0,0,0,0,0,0,0,0,65,58,65,58,anomaly
0.000000,80,0,3,0,1,0,0,0,0,0,0,0,0,0,66,59,66,59,anomaly
0.000000,80,0,3,0,1,0,0,0,0,0,0,0,0,0,67,60,67,60,anomaly
0.000000,80,0,3,0,1,0,0,0,0,0,0,0,0,0,68,61,68,61,anomaly
0.000000,80,0,3,0,1,0,0,0,0,0,0,0,0,0,69,62,69,62,anomaly
0.000000,80,0,3,0,1,0,0,0,0,0,0,0,0,0,70,63,70,63,anomaly
0.000000,80,0,3,0,1,0,0,0,0,0,0,0,0,0,71,64,71,64,anomaly
0.000000,80,0,3,0,1,0,0,0,0,0,0,0,0,0,72,65,72,65,anomaly
0.000000,80,0,3,0,1,0,0,0,0,0,0,0,0,0,73,66,73,66,anomaly
0.000000,80,0,2,0,1,0,0,0,0,0,0,0,0,0,74,67,74,67,anomaly
0.000000,80,0,2,0,1,0,0,0,0,0,0,0,0,0,75,68,75,68,anomaly
0.000000,80,0,3,0,1,0,0,0,0,0,0,0,0,0,76,69,76,69,anomaly
0.000000,80,0,2,0,1,0,0,0,0,0,0,0,0,0,77,70,77,70,anomaly
0.000000,80,0,2,0,1,0,0,0,0,0,0,0,0,0,78,71,78,71,anomaly
0.000000,80,0,2,0,1,0,0,0,0,0,0,0,0,0,79,72,79,72,anomaly
0.000000,80,0,3,0,1,0,0,0,0,0,0,0,0,0,80,73,80,73,anomaly
0.000000,80,0,2,0,1,0,0,0,0,0,0,0,0,0,81,74,81,74,anomaly
0.000000,80,0,3,0,1,0,0,0,0,0,0,0,0,0,82,75,82,75,anomaly
0.000000,80,5,0,0,0,0,0,0,0,0,0,0,0,0,83,76,83,76,anomaly
0.000000,80,0,2,0,1,0,0,0,0,0,0,0,0,0,84,77,84,77,anomaly
0.000000,80,0,3,0,1,0,0,0,0,0,0,0,0,0,85,78,85,78,anomaly
0.000000,80,0,3,0,1,0,0,0,0,0,0,0,0,0,86,79,86,79,anomaly
0.000000,80,0,2,0,1,0,0,0,0,0,0,0,0,0,87,80,87,80,anomaly
0.000000,80,0,2,0,1,0,0,0,0,0,0,0,0,0,88,81,88,81,anomaly
0.000000,80,0,2,0,1,0,0,0,0,0,0,0,0,0,89,82,89,82,anomaly
0.000000,80,0,3,0,1,0,0,0,0,0,0,0,0,0,90,83,90,83,anomaly
0.000000,80,0,3,0,1,0,0,0,0,0,0,0,0,0,91,84,91,84,anomaly
0.000000,80,0,2,0,1,0,0,0,0,0,0,0,0,0,92,85,92,85,anomaly
0.000015,42905,1,0,0,0,0,0,0,0,0,0,0,0,0,93,0,93,0,anomaly
0.000009,36371,1,0,0,0,0,0,0,0,0,0,0,0,0,94,0,94,0,anomaly
0.000000,80,0,2,0,1,0,0,0,0,0,0,0,0,0,95,86,95,86,anomaly
0.000000,80,0,3,0,1,0,0,0,0,0,0,0,0,0,96,87,96,87,anomaly
0.000000,80,0,3,0,1,0,0,0,0,0,0,0,0,0,97,88,97,88,anomaly
0.000000,80,0,2,0,1,0,0,0,0,0,0,0,0,0,98,89,98,89,anomaly
0.000000,80,0,2,0,1,0,0,0,0,0,0,0,0,0,99,90,99,90,anomaly
0.000000,80,0,3,0,1,0,0,0,0,0,0,0,0,0,100,91,100,91,anomaly
0.000000,80,0,2,0,1,0,0,0,0,0,0,0,0,0,101,92,100,92,anomaly
0.000000,80,0,3,0,1,0,0,0,0,0,0,0,0,0,102,93,100,92,anomaly
0.000000,80,0,3,0,1,0,0,0,0,0,0,0,0,0,103,94,100,92,anomaly
0.000000,80,0,2,0,1,0,0,0,0,0,0,0,0,0,104,95,100,92,anomaly
0.000000,80,0,2,0,1,0,0,0,0,0,0,0,0,0,105,96,100,92,anomaly
0.000000,80,0,2,0,1,0,0,0,0,0,0,0,0,0,106,97,100,92,anomaly
0.000000,80,0,2,0,1,0,0,0,0,0,0,0,0,0,107,98,100,92,anomaly
0.000000,80,0,3,0,1,0,0,0,0,0,0,0,0,0,108,99,100,92,anomaly
0.000000,80,0,3,0,1,0,0,0,0,0,0,0,0,0,109,100,100,92,anomaly
0.000000,80,0,2,0,1,0,0,0,0,0,0,0,0,0,110,101,100,92,anomaly
0.000000,80,5,0,0,0,0,0,0,0,0,0,0,0,0,111,102,100,92,anomaly
0.000000,80,0,3,0,1,0,0,0,0,0,0,0,0,0,112,103,100,93,anomaly
0.000000,80,5,0,0,0,0,0,0,0,0,0,0,0,0,113,104,100,93,anomaly
0.000000,80,0,3,0,1,0,0,0,0,0,0,0,0,0,114,105,100,93,anomaly
0.000000,80,0,3,0,1,0,0,0,0,0,0,0,0,0,115,106,100,93,anomaly
0.000000,80,0,2,0,1,0,0,0,0,0,0,0,0,0,116,107,100,93,anomaly
0.000000,80,0,3,0,1,0,0,0,0,0,0,0,0,0,117,108,100,93,anomaly
0.000000,80,0,3,0,1,0,0,0,0,0,0,0,0,0,118,109,100,93,anomaly
0.000000,80,0,3,0,1,0,0,0,0,0,0,0,0,0,119,110,100,93,anomaly
0.000000,80,0,3,0,1,0,0,0,0,0,0,0,0,0,120,111,100,93,anomaly
0.000000,80,0,3,0,1,0,0,0,0,0,0,0,0,0,121,112,100,93,anomaly
0.000000,80,0,3,0,1,0,0,0,0,0,0,0,0,0,122,113,100,93,anomaly
0.000000,80,0,3,0,1,0,0,0,0,0,0,0,0,0,123,114,100,93,anomaly
0.000000,80,0,2,0,1,0,0,0,0,0,0,0,0,0,124,115,100,93,anomaly
0.000000,80,0,3,0,1,0,0,0,0,0,0,0,0,0,125,116,100,93,anomaly
0.000000,80,0,3,0,1,0,0,0,0,0,0,0,0,0,126,117,100,93,anomaly
0.000000,80,0,2,0,1,0,0,0,0,0,0,0,0,0,127,118,100,93,anomaly
0.000000,80,0,2,0,1,0,0,0,0,0,0,0,0,0,128,119,100,94,anomaly
0.000000,80,0,2,0,1,0,0,0,0,0,0,0,0,0,129,120,100,94,anomaly
0.000000,80,5,0,0,0,0,0,0,0,0,0,0,0,0,130,121,100,94,anomaly
0.000000,80,5,0,0,0,0,0,0,0,0,0,0,0,0,131,122,100,94,anomaly
0.000000,80,0,2,0,1,0,0,0,0,0,0,0,0,0,132,123,100,94,anomaly
0.000000,80,0,2,0,1,0,0,0,0,0,0,0,0,0,133,124,100,94,anomaly
0.000000,80,0,2,0,1,0,0,0,0,0,0,0,0,0,134,125,100,94,anomaly
0.000000,80,0,3,0,1,0,0,0,0,0,0,0,0,0,135,126,100,94,anomaly
0.000000,80,0,2,0,1,0,0,0,0,0,0,0,0,0,136,127,100,94,anomaly
0.000000,80,0,2,0,1,0,0,0,0,0,0,0,0,0,137,128,100,94,anomaly
0.000000,80,0,2,0,1,0,0,0,0,0,0,0,0,0,138,129,100,94,anomaly
0.000000,80,0,2,0,1,0,0,0,0,0,0,0,0,0,139,130,100,94,anomaly
0.000000,80,0,2,0,1,0,0,0,0,0,0,0,0,0,140,131,100,94,anomaly
0.000010,55293,1,0,0,0,0,0,0,0,0,0,0,0,0,141,0,100,0,anomaly
0.000000,80,0,2,0,1,0,0,0,0,0,0,0,0,0,142,132,100,93,anomaly
0.000000,80,0,2,0,1,0,0,0,0,0,0,0,0,0,143,133,100,93,anomaly
0.000000,80,0,2,0,1,0,0,0,0,0,0,0,0,0,144,134,100,93,anomaly
0.000000,80,0,2,0,1,0,0,0,0,0,0,0,0,0,145,135,100,93,anomaly
0.000000,80,0,2,0,1,0,0,0,0,0,0,0,0,0,146,136,100,93,anomaly
0.000000,80,0,2,0,1,0,0,0,0,0,0,0,0,0,147,137,100,93,anomaly
0.000000,80,0,2,0,1,0,0,0,0,0,0,0,0,0,148,138,100,93,anomaly
0.000000,80,0,2,0,1,0,0,0,0,0,0,0,0,0,149,139,100,93,anomaly
0.000013,28987,1,0,0,0,0,0,0,0,0,0,0,0,0,150,1,100,0,anomaly
0.000000,80,0,2,0,1,0,0,0,0,0,0,0,0,0,151,140,100,92,anomaly
0.000000,80,0,2,0,1,0,0,0,0,0,0,0,0,0,152,141,100,92,anomaly
0.000000,80,0,3,0,1,0,0,0,0,0,0,0,0,0,153,142,100,92,anomaly
0.000000,80,0,3,0,1,0,0,0,0,0,0,0,0,0,154,143,100,92,anomaly
0.000000,80,0,2,0,1,0,0,0,0,0,0,0,0,0,155,144,100,92,anomaly
0.000000,80,0,3,0,1,0,0,0,0,0,0,0,0,0,156,145,100,93,anomaly
0.000000,80,0,2,0,1,0,0,0,0,0,0,0,0,0,157,146,100,93,anomaly
0.000000,80,0,2,0,1,0,0,0,0,0,0,0,0,0,158,147,100,93,anomaly
0.000000,80,0,2,0,1,0,0,0,0,0,0,0,0,0,159,148,100,93,anomaly
0.000010,36456,1,0,0,0,0,0,0,0,0,0,0,0,0,160,0,100,0,anomaly
0.000000,80,5,0,0,0,0,0,0,0,0,0,0,0,0,161,149,100,93,anomaly
0.000000,80,0,2,0,1,0,0,0,0,0,0,0,0,0,162,150,100,93,anomaly
0.000005,65099,1,0,0,0,0,0,0,0,0,0,0,0,0,163,0,100,0,anomaly
0.000000,80,0,2,0,1,0,0,0,0,0,0,0,0,0,164,151,100,94,anomaly
0.000000,80,0,2,0,1,0,0,0,0,0,0,0,0,0,165,152,100,94,anomaly
0.000000,80,0,2,0,1,0,0,0,0,0,0,0,0,0,166,153,100,94,anomaly
0.000000,80,0,3,0,1,0,0,0,0,0,0,0,0,0,167,154,100,94,anomaly
0.000005,60808,1,0,0,0,0,0,0,0,0,0,0,0,0,168,0,100,0,anomaly
0.000000,80,0,2,0,1,0,0,0,0,0,0,0,0,0,169,155,100,93,anomaly
0.000000,80,5,0,0,0,0,0,0,0,0,0,0,0,0,170,156,100,93,anomaly
0.000000,80,5,0,0,0,0,0,0,0,0,0,0,0,0,171,157,100,93,anomaly
0.000000,80,5,0,0,0,0,0,0,0,0,0,0,0,0,172,158,100,93,anomaly
0.000000,80,0,3,0,1,0,0,0,0,0,0,0,0,0,173,159,100,93,anomaly
0.000000,80,0,3,0,1,0,0,0,0,0,0,0,0,0,174,160,100,93,anomaly
0.000007,64724,1,0,0,0,0,0,0,0,0,0,0,0,0,175,0,100,0,anomaly
0.000000,80,0,3,0,1,0,0,0,0,0,0,0,0,0,176,161,100,92,anomaly
0.000000,80,5,0,0,0,0,0,0,0,0,0,0,0,0,177,162,100,92,anomaly
0.000000,80,0,2,0,1,0,0,0,0,0,0,0,0,0,178,163,100,92,anomaly
0.000000,80,5,0,0,0,0,0,0,0,0,0,0,0,0,179,164,100,92,anomaly
0.000000,80,5,0,0,0,0,0,0,0,0,0,0,0,0,180,165,100,92,anomaly
0.000000,80,0,3,0,1,0,0,0,0,0,0,0,0,0,181,166,100,92,anomaly
0.000000,80,5,0,0,0,0,0,0,0,0,0,0,0,0,182,167,100,92,anomaly
0.000000,80,0,2,0,1,0,0,0,0,0,0,0,0,0,183,168,100,92,anomaly
0.000000,80,0,3,0,1,0,0,0,0,0,0,0,0,0,184,169,100,92,anomaly
0.000000,80,0,2,0,1,0,0,0,0,0,0,0,0,0,185,170,100,92,anomaly
0.000000,80,0,2,0,1,0,0,0,0,0,0,0,0,0,186,171,100,92,anomaly
0.000000,80,0,2,0,1,0,0,0,0,0,0,0,0,0,187,172,100,92,anomaly
0.000000,80,0,3,0,1,0,0,0,0,0,0,0,0,0,188,173,100,92,anomaly
0.000000,80,0,2,0,1,0,0,0,0,0,0,0,0,0,189,174,100,92,anomaly
0.000000,80,0,2,0,1,0,0,0,0,0,0,0,0,0,190,175,100,92,anomaly
0.000000,80,0,2,0,1,0,0,0,0,0,0,0,0,0,191,176,100,92,anomaly
0.000000,80,0,2,0,1,0,0,0,0,0,0,0,0,0,192,177,100,92,anomaly
0.000000,80,0,3,0,1,0,0,0,0,0,0,0,0,0,193,178,100,92,anomaly
0.000000,80,0,2,0,1,0,0,0,0,0,0,0,0,0,194,179,100,93,anomaly
0.000000,80,0,3,0,1,0,0,0,0,0,0,0,0,0,195,180,100,94,anomaly
0.000000,80,0,2,0,1,0,0,0,0,0,0,0,0,0,196,181,100,94,anomaly
0.000000,80,0,3,0,1,0,0,0,0,0,0,0,0,0,197,182,100,94,anomaly
0.000000,80,0,2,0,1,0,0,0,0,0,0,0,0,0,198,183,100,94,anomaly
0.000000,80,0,2,0,1,0,0,0,0,0,0,0,0,0,199,184,100,94,anomaly
0.000007,139,1,0,0,0,0,0,0,0,0,0,0,0,0,200,0,100,0,anomaly
0.000000,80,0,2,0,1,0,0,0,0,0,0,0,0,0,201,185,100,93,anomaly
0.000000,80,0,3,0,1,0,0,0,0,0,0,0,0,0,202,186,100,93,anomaly
0.000000,80,0,2,0,1,0,0,0,0,0,0,0,0,0,203,187,100,93,anomaly
0.000000,80,0,2,0,1,0,0,0,0,0,0,0,0,0,204,188,100,93,anomaly
0.000000,80,0,2,0,1,0,0,0,0,0,0,0,0,0,205,189,100,93,anomaly
0.000000,80,0,2,0,1,0,0,0,0,0,0,0,0,0,206,190,100,93,anomaly
0.000000,80,0,2,0,1,0,0,0,0,0,0,0,0,0,207,191,100,93,anomaly
0.000000,80,0,3,0,1,0,0,0,0,0,0,0,0,0,208,192,100,93,anomaly
0.000000,80,0,3,0,1,0,0,0,0,0,0,0,0,0,209,193,100,93,anomaly
0.000000,80,0,3,0,1,0,0,0,0,0,0,0,0,0,210,194,100,93,anomaly
0.000000,80,0,2,0,1,0,0,0,0,0,0,0,0,0,211,195,100,93,anomaly
0.000000,80,0,2,0,1,0,0,0,0,0,0,0,0,0,212,196,100,93,anomaly
0.000000,80,0,2,0,1,0,0,0,0,0,0,0,0,0,213,197,100,93,anomaly
0.000000,80,0,2,0,1,0,0,0,0,0,0,0,0,0,214,198,100,93,anomaly
0.000000,80,0,2,0,1,0,0,0,0,0,0,0,0,0,215,199,100,93,anomaly
0.000000,80,0,2,0,1,0,0,0,0,0,0,0,0,0,216,200,100,93,anomaly
0.000000,80,0,3,0,1,0,0,0,0,0,0,0,0,0,217,201,100,93,anomaly
0.000000,80,0,3,0,1,0,0,0,0,0,0,0,0,0,218,202,100,93,anomaly
0.000000,80,0,3,0,1,0,0,0,0,0,0,0,0,0,219,203,100,93,anomaly
0.000000,80,0,2,0,1,0,0,0,0,0,0,0,0,0,220,204,100,93,anomaly
0.000000,80,0,2,0,1,0,0,0,0,0,0,0,0,0,221,205,100,93,anomaly
0.000000,80,0,3,0,1,0,0,0,0,0,0,0,0,0,222,206,100,93,anomaly
0.000000,80,0,2,0,1,0,0,0,0,0,0,0,0,0,223,207,100,93,anomaly
0.000000,80,0,2,0,1,0,0,0,0,0,0,0,0,0,224,208,100,93,anomaly
0.000000,80,0,1,0,0,0,0,0,0,0,0,0,0,0,225,209,100,93,anomaly
0.000000,80,0,2,0,1,0,0,0,0,0,0,0,0,0,226,210,100,93,anomaly
0.000000,80,0,2,0,1,0,0,0,0,0,0,0,0,0,227,211,100,93,anomaly
0.000000,80,0,2,0,1,0,0,0,0,0,0,0,0,0,228,212,100,93,anomaly
0.000000,80,0,1,0,0,0,0,0,0,0,0,0,0,0,229,213,100,93,anomaly
0.000000,80,0,1,0,0,0,0,0,0,0,0,0,0,0,230,214,100,93,anomaly
0.000000,80,0,1,0,0,0,0,0,0,0,0,0,0,0,231,215,100,93,anomaly
0.000000,80,0,1,0,0,0,0,0,0,0,0,0,0,0,232,216,100,93,anomaly
0.000008,55256,1,0,0,0,0,0,0,0,0,0,0,0,0,233,0,100,0,anomaly
0.000000,80,0,2,0,1,0,0,0,0,0,0,0,0,0,234,217,100,92,anomaly
0.000011,56261,1,0,0,0,0,0,0,0,0,0,0,0,0,235,0,100,0,anomaly
0.000000,80,0,3,0,1,0,0,0,0,0,0,0,0,0,236,218,100,91,anomaly
0.000000,80,0,3,0,1,0,0,0,0,0,0,0,0,0,237,219,100,91,anomaly
0.000000,80,0,3,0,1,0,0,0,0,0,0,0,0,0,238,220,100,91,anomaly
0.000000,80,0,2,0,1,0,0,0,0,0,0,0,0,0,239,221,100,91,anomaly
0.000000,80,0,2,0,1,0,0,0,0,0,0,0,0,0,240,222,100,91,anomaly
0.000000,80,0,2,0,1,0,0,0,0,0,0,0,0,0,241,223,100,91,anomaly
0.000000,80,0,3,0,1,0,0,0,0,0,0,0,0,0,242,224,100,92,anomaly
0.000000,80,0,2,0,1,0,0,0,0,0,0,0,0,0,243,225,100,92,anomaly
0.000000,80,0,3,0,1,0,0,0,0,0,0,0,0,0,244,226,100,92,anomaly
0.000000,80,0,3,0,1,0,0,0,0,0,0,0,0,0,245,227,100,92,anomaly
0.000000,80,0,3,0,1,0,0,0,0,0,0,0,0,0,246,228,100,92,anomaly
0.000000,80,0,2,0,1,0,0,0,0,0,0,0,0,0,247,229,100,92,anomaly
0.000000,80,0,2,0,1,0,0,0,0,0,0,0,0,0,248,230,100,92,anomaly
0.000000,80,0,2,0,1,0,0,0,0,0,0,0,0,0,249,231,100,92,anomaly
0.000000,80,0,2,0,1,0,0,0,0,0,0,0,0,0,250,232,100,92,anomaly
0.000000,80,0,2,0,1,0,0,0,0,0,0,0,0,0,251,233,100,93,anomaly
0.000000,80,0,2,0,1,0,0,0,0,0,0,0,0,0,252,234,100,93,anomaly
0.000000,80,0,2,0,1,0,0,0,0,0,0,0,0,0,253,235,100,93,anomaly
0.000000,80,0,2,0,1,0,0,0,0,0,0,0,0,0,254,236,100,93,anomaly
0.000000,80,0,2,0,1,0,0,0,0,0,0,0,0,0,255,237,100,93,anomaly
0.000000,80,0,4,0,0,0,0,0,0,0,0,0,0,0,256,238,100,93,anomaly
0.000000,80,0,3,0,1,0,0,0,0,0,0,0,0,0,257,239,100,93,anomaly
0.000000,80,0,3,0,1,0,0,0,0,0,0,0,0,0,258,240,100,93,anomaly
0.000000,80,0,2,0,1,0,0,0,0,0,0,0,0,0,259,241,100,93,anomaly
