0.000000,15600,0,0,0,0,0,0,0,0,0,0,0,0,0,0,0,0,0,normal
0.000000,15600,0,0,0,0,0,0,0,0,0,0,0,0,0,0,0,0,1,normal
0.000000,15600,0,0,0,0,0,0,0,0,0,0,0,0,0,0,0,1,2,normal
0.000000,138,0,0,0,1,0,0,0,0,0,0,0,0,0,0,0,1,0,normal
0.000000,137,5,0,0,0,0,0,0,0,0,0,0,0,0,1,0,2,0,normal
0.000000,15600,0,0,0,0,0,0,0,0,0,0,0,0,0,2,0,3,3,normal
0.000000,15600,0,0,0,0,0,0,0,0,0,0,0,0,0,0,0,2,4,normal
0.000000,15600,0,0,0,0,0,0,0,0,0,0,0,0,0,0,0,4,5,normal
0.000000,15600,0,0,0,0,0,0,0,0,0,0,0,0,0,0,0,3,6,normal
0.000000,15600,0,0,0,0,0,0,0,0,0,0,0,0,0,0,0,5,7,normal
0.000000,15600,0,0,0,0,0,0,0,0,0,0,0,0,0,0,0,4,8,normal
0.000000,15600,0,0,0,0,0,0,0,0,0,0,0,0,0,0,0,6,9,normal
0.000000,15600,0,0,0,0,0,0,0,0,0,0,0,0,0,0,0,5,10,normal
0.000000,15600,0,0,0,0,0,0,0,0,0,0,0,0,0,0,0,7,11,normal
0.000000,15600,0,0,0,0,0,0,0,0,0,0,0,0,0,0,0,6,12,normal
0.000000,15600,0,0,0,0,0,0,0,0,0,0,0,0,0,0,0,8,13,normal
0.000000,15600,0,0,0,0,0,0,0,0,0,0,0,0,0,0,0,7,14,normal
0.000000,15600,0,0,0,0,0,0,0,0,0,0,0,0,0,0,0,9,15,normal
0.000000,15600,0,0,0,0,0,0,0,0,0,0,0,0,0,0,0,8,16,normal
0.000000,15600,0,0,0,0,0,0,0,0,0,0,0,0,0,0,0,10,17,normal
0.000000,15600,0,0,0,0,0,0,0,0,0,0,0,0,0,0,0,9,18,normal
0.000000,15600,0,0,0,0,0,0,0,0,0,0,0,0,0,0,0,11,19,normal
0.000000,15600,0,0,0,0,0,0,0,0,0,0,0,0,0,0,0,10,20,normal
0.000000,1900,0,0,0,0,0,0,0,0,0,0,0,0,0,1,0,11,0,normal
0.000000,15600,0,0,0,0,0,0,0,0,0,0,0,0,0,0,0,12,21,normal
3.001092,1900,5,0,0,0,0,0,0,0,0,0,0,0,0,1,1,12,1,normal
0.000000,15600,0,0,0,0,0,0,0,0,0,0,0,0,0,0,0,13,22,normal
0.000000,137,0,0,0,1,0,0,0,0,0,0,0,0,0,0,0,13,1,normal
0.000000,137,0,0,0,0,0,0,0,0,0,0,0,0,0,0,1,0,2,normal
0.000000,137,5,0,0,0,0,0,0,0,0,0,0,0,0,0,2,0,3,normal
6.001567,1900,5,0,0,0,0,0,0,0,0,0,0,0,0,0,0,14,2,normal
0.000000,15600,0,0,0,0,0,0,0,0,0,0,0,0,0,1,0,14,23,normal
9.007230,1900,5,0,0,0,0,0,0,0,0,0,0,0,0,1,1,15,3,normal
0.000000,15600,0,0,0,0,0,0,0,0,0,0,0,0,0,0,0,16,24,normal
12.008085,1900,5,0,0,0,0,0,0,0,0,0,0,0,0,2,2,17,4,normal
0.000000,15600,0,0,0,0,0,0,0,0,0,0,0,0,0,0,0,15,25,normal
15.008725,1900,5,0,0,0,0,0,0,0,0,0,0,0,0,3,3,18,5,normal
0.000000,15600,0,0,0,0,0,0,0,0,0,0,0,0,0,0,0,19,26,normal
0.000000,15600,0,0,0,0,0,0,0,0,0,0,0,0,0,0,0,16,27,normal
0.000000,15600,0,0,0,0,0,0,0,0,0,0,0,0,0,0,0,20,28,normal
0.000000,15600,0,0,0,0,0,0,0,0,0,0,0,0,0,0,0,17,29,normal
0.000000,15600,0,0,0,0,0,0,0,0,0,0,0,0,0,0,0,21,30,normal
0.000000,15600,0,0,0,0,0,0,0,0,0,0,0,0,0,0,0,18,31,normal
0.000000,15600,0,0,0,0,0,0,0,0,0,0,0,0,0,0,0,22,32,normal
0.000000,1900,0,0,0,0,0,0,0,0,0,0,0,0,0,0,0,23,6,normal
0.003653,1900,5,0,0,0,0,0,0,0,0,0,0,0,0,1,1,24,7,normal
0.000000,15600,0,0,0,0,0,0,0,0,0,0,0,0,0,0,0,19,33,normal
0.511931,1900,5,0,0,0,0,0,0,0,0,0,0,0,0,2,2,25,8,normal
0.819582,1900,5,0,0,0,0,0,0,0,0,0,0,0,0,3,3,26,9,normal
0.000000,15600,0,0,0,0,0,0,0,0,0,0,0,0,0,0,0,27,34,normal
0.000000,15600,0,0,0,0,0,0,0,0,0,0,0,0,0,0,0,20,35,normal
0.000000,1900,0,0,0,0,0,0,0,0,0,0,0,0,0,0,0,28,10,normal
0.204369,1900,5,0,0,0,0,0,0,0,0,0,0,0,0,1,1,29,11,normal
0.511571,1900,5,0,0,0,0,0,0,0,0,0,0,0,0,2,2,30,12,normal
7.375816,1900,5,0,0,0,0,0,0,0,0,0,0,0,0,0,0,31,13,normal
7.379009,1900,5,0,0,0,0,0,0,0,0,0,0,0,0,1,1,32,14,normal
7.681588,1900,5,0,0,0,0,0,0,0,0,0,0,0,0,2,2,33,15,normal
7.885480,1900,5,0,0,0,0,0,0,0,0,0,0,0,0,3,3,34,16,normal
0.000000,15600,0,0,0,0,0,0,0,0,0,0,0,0,0,0,0,35,36,normal
0.000000,15600,0,0,0,0,0,0,0,0,0,0,0,0,0,0,0,21,37,normal
0.000000,15600,0,0,0,0,0,0,0,0,0,0,0,0,0,0,0,36,38,normal
0.000000,1900,0,0,0,0,0,0,0,0,0,0,0,0,0,1,0,37,17,normal
0.307037,1900,5,0,0,0,0,0,0,0,0,0,0,0,0,2,1,38,18,normal
0.614333,1900,5,0,0,0,0,0,0,0,0,0,0,0,0,3,2,39,19,normal
0.000000,15600,0,0,0,0,0,0,0,0,0,0,0,0,0,0,0,22,39,normal
0.000000,15600,0,0,0,0,0,0,0,0,0,0,0,0,0,0,0,40,40,normal
60.622025,1900,5,0,0,0,0,0,0,0,0,0,0,0,0,0,0,41,20,normal
0.000000,15600,0,0,0,0,0,0,0,0,0,0,0,0,0,0,0,23,41,normal
63.623733,1900,5,0,0,0,0,0,0,0,0,0,0,0,0,1,1,42,21,normal
0.000000,1900,0,0,0,0,0,0,0,0,0,0,0,0,0,0,0,43,22,normal
0.306636,1900,5,0,0,0,0,0,0,0,0,0,0,0,0,1,1,44,23,normal
0.000000,15600,0,0,0,0,0,0,0,0,0,0,0,0,0,2,0,45,42,normal
0.613875,1900,5,0,0,0,0,0,0,0,0,0,0,0,0,3,2,46,24,normal
66.624027,1900,5,0,0,0,0,0,0,0,0,0,0,0,0,0,0,47,25,normal
0.000000,15600,0,0,0,0,0,0,0,0,0,0,0,0,0,0,0,24,43,normal
69.629416,1900,5,0,0,0,0,0,0,0,0,0,0,0,0,1,1,48,26,normal
0.000000,15600,0,0,0,0,0,0,0,0,0,0,0,0,0,0,0,49,44,normal
72.630472,1900,5,0,0,0,0,0,0,0,0,0,0,0,0,2,2,50,27,normal
0.000000,15600,0,0,0,0,0,0,0,0,0,0,0,0,0,0,0,25,45,normal
0.000000,1900,0,0,0,0,0,0,0,0,0,0,0,0,0,0,0,51,28,normal
0.307168,1900,5,0,0,0,0,0,0,0,0,0,0,0,0,1,1,52,29,normal
0.614340,1900,5,0,0,0,0,0,0,0,0,0,0,0,0,2,2,53,30,normal
75.631456,1900,5,0,0,0,0,0,0,0,0,0,0,0,0,0,0,54,31,normal
0.000000,15600,0,0,0,0,0,0,0,0,0,0,0,0,0,3,0,55,46,normal
0.000000,15600,0,0,0,0,0,0,0,0,0,0,0,0,0,0,0,26,47,normal
0.000000,15600,0,0,0,0,0,0,0,0,0,0,0,0,0,0,0,56,48,normal
0.000000,1900,0,0,0,0,0,0,0,0,0,0,0,0,0,1,0,57,32,normal
0.306990,1900,5,0,0,0,0,0,0,0,0,0,0,0,0,2,1,58,33,normal
0.614230,1900,5,0,0,0,0,0,0,0,0,0,0,0,0,3,2,59,34,normal
0.000000,15600,0,0,0,0,0,0,0,0,0,0,0,0,0,0,0,27,49,normal
0.000000,15600,0,0,0,0,0,0,0,0,0,0,0,0,0,0,0,60,50,normal
0.000000,15600,0,0,0,0,0,0,0,0,0,0,0,0,0,0,0,28,51,normal
0.000000,1900,0,0,0,0,0,0,0,0,0,0,0,0,0,0,0,61,35,normal
0.307271,1900,5,0,0,0,0,0,0,0,0,0,0,0,0,1,1,62,36,normal
0.000000,15600,0,0,0,0,0,0,0,0,0,0,0,0,0,2,0,63,52,normal
0.616471,1900,5,0,0,0,0,0,0,0,0,0,0,0,0,3,2,64,37,normal
0.000000,15600,0,0,0,0,0,0,0,0,0,0,0,0,0,0,0,29,53,normal
0.000000,15600,0,0,0,0,0,0,0,0,0,0,0,0,0,0,0,65,54,normal
0.000000,15600,0,0,0,0,0,0,0,0,0,0,0,0,0,0,0,30,55,normal
0.000000,1900,0,0,0,0,0,0,0,0,0,0,0,0,0,0,0,66,38,normal
0.290850,1900,5,0,0,0,0,0,0,0,0,0,0,0,0,1,1,67,39,normal
0.600654,1900,5,0,0,0,0,0,0,0,0,0,0,0,0,2,2,67,40,normal
0.000000,15600,0,0,0,0,0,0,0,0,0,0,0,0,0,3,0,68,54,normal
0.000000,15600,0,0,0,0,0,0,0,0,0,0,0,0,0,0,0,30,54,normal
0.000000,547,0,0,0,0,0,0,0,0,0,0,0,0,0,0,0,0,0,normal
0.000000,15600,0,0,0,0,0,0,0,0,0,0,0,0,0,0,0,68,55,normal
0.999997,547,5,0,0,0,0,0,0,0,0,0,0,0,0,1,1,1,1,normal
0.000000,1900,0,0,0,0,0,0,0,0,0,0,0,0,0,1,0,68,41,normal
0.306086,1900,5,0,0,0,0,0,0,0,0,0,0,0,0,2,1,69,42,normal
3.000261,547,5,0,0,0,0,0,0,0,0,0,0,0,0,1,1,2,2,normal
0.615232,1900,5,0,0,0,0,0,0,0,0,0,0,0,0,2,2,69,43,normal
0.000000,15600,0,0,0,0,0,0,0,0,0,0,0,0,0,0,0,26,50,normal
7.001207,547,5,0,0,0,0,0,0,0,0,0,0,0,0,1,1,3,3,normal
0.000000,15600,0,0,0,0,0,0,0,0,0,0,0,0,0,0,0,26,49,normal
0.000000,1900,0,0,0,0,0,0,0,0,0,0,0,0,0,0,0,68,44,normal
0.307510,1900,5,0,0,0,0,0,0,0,0,0,0,0,0,1,1,68,45,normal
0.000000,15600,0,0,0,0,0,0,0,0,0,0,0,0,0,2,0,69,47,normal
0.614317,1900,5,0,0,0,0,0,0,0,0,0,0,0,0,3,2,69,46,normal
15.002340,547,5,0,0,0,0,0,0,0,0,0,0,0,0,0,0,4,4,normal
0.000000,15600,0,0,0,0,0,0,0,0,0,0,0,0,0,0,0,24,45,normal
0.000000,15600,0,0,0,0,0,0,0,0,0,0,0,0,0,0,0,69,45,normal
0.000000,3702,0,0,0,0,0,0,0,0,0,0,0,0,0,1,0,69,0,normal
0.000000,3702,0,0,0,0,0,0,0,0,0,0,0,0,0,0,1,0,1,normal
0.130477,3702,5,0,0,0,0,0,0,0,0,0,0,0,0,1,2,1,2,normal
0.236871,3702,5,0,0,0,0,0,0,0,0,0,0,0,0,2,3,68,3,normal
0.389148,3702,5,0,0,0,0,0,0,0,0,0,0,0,0,2,4,2,4,normal
0.687836,3702,5,0,0,0,0,0,0,0,0,0,0,0,0,3,5,68,5,normal
0.840189,3702,5,0,0,0,0,0,0,0,0,0,0,0,0,3,6,3,6,normal
1.137975,3702,5,0,0,0,0,0,0,0,0,0,0,0,0,4,7,68,7,normal
0.000000,15600,0,0,0,0,0,0,0,0,0,0,0,0,0,0,0,21,41,normal
0.000000,1900,0,0,0,0,0,0,0,0,0,0,0,0,0,4,0,69,45,normal
0.307311,1900,5,0,0,0,0,0,0,0,0,0,0,0,0,5,1,69,45,normal
0.614376,1900,5,0,0,0,0,0,0,0,0,0,0,0,0,6,2,70,46,normal
0.000000,15600,0,0,0,0,0,0,0,0,0,0,0,0,0,3,0,70,41,normal
0.000000,15600,0,0,0,0,0,0,0,0,0,0,0,0,0,0,0,21,41,normal
0.000000,15600,0,0,0,0,0,0,0,0,0,0,0,0,0,0,0,69,42,normal
31.003562,547,5,0,0,0,0,0,0,0,0,0,0,0,0,0,0,5,5,normal
0.000000,1900,0,0,0,0,0,0,0,0,0,0,0,0,0,1,0,69,44,normal
0.307227,1900,5,0,0,0,0,0,0,0,0,0,0,0,0,2,1,69,45,normal
0.614439,1900,5,0,0,0,0,0,0,0,0,0,0,0,0,3,2,70,46,normal
0.000000,15600,0,0,0,0,0,0,0,0,0,0,0,0,0,0,0,20,39,normal
0.000000,15600,0,0,0,0,0,0,0,0,0,0,0,0,0,0,0,70,39,normal
0.000000,15600,0,0,0,0,0,0,0,0,0,0,0,0,0,0,0,20,39,normal
0.000000,138,0,0,0,0,0,0,0,0,0,0,0,0,0,1,0,20,0,normal
0.000000,1900,0,0,0,0,0,0,0,0,0,0,0,0,0,0,0,69,47,normal
0.309583,1900,5,0,0,0,0,0,0,0,0,0,0,0,0,1,1,69,47,normal
0.000000,15600,0,0,0,0,0,0,0,0,0,0,0,0,0,2,0,69,38,normal
0.614412,1900,5,0,0,0,0,0,0,0,0,0,0,0,0,3,2,70,47,normal
0.000000,15600,0,0,0,0,0,0,0,0,0,0,0,0,0,0,0,20,38,normal
0.000000,15600,0,0,0,0,0,0,0,0,0,0,0,0,0,0,0,69,39,normal
0.000000,15600,0,0,0,0,0,0,0,0,0,0,0,0,0,0,0,21,39,normal
0.000000,1900,0,0,0,0,0,0,0,0,0,0,0,0,0,0,0,69,46,normal
0.307333,1900,5,0,0,0,0,0,0,0,0,0,0,0,0,1,1,69,46,normal
0.618861,1900,5,0,0,0,0,0,0,0,0,0,0,0,0,2,2,69,46,normal
0.000000,15600,0,0,0,0,0,0,0,0,0,0,0,0,0,3,0,69,39,normal
0.000000,15600,0,0,0,0,0,0,0,0,0,0,0,0,0,0,0,21,40,normal
0.000000,1900,0,0,0,0,0,0,0,0,0,0,0,0,0,0,0,68,44,normal
0.000000,1900,0,0,0,0,0,0,0,0,0,0,0,0,0,0,1,4,44,normal
0.204357,1900,5,0,0,0,0,0,0,0,0,0,0,0,0,1,2,67,44,normal
0.213754,1900,5,0,0,0,0,0,0,0,0,0,0,0,0,1,3,5,45,normal
0.229794,1900,5,0,0,0,0,0,0,0,0,0,0,0,0,2,4,67,46,normal
0.227360,1900,5,0,0,0,0,0,0,0,0,0,0,0,0,2,5,6,47,normal
0.407782,1900,5,0,0,0,0,0,0,0,0,0,0,0,0,3,6,66,47,normal
0.410858,1900,5,0,0,0,0,0,0,0,0,0,0,0,0,3,7,7,47,normal
1.023088,1900,5,0,0,0,0,0,0,0,0,0,0,0,0,4,8,65,47,normal
1.018559,1900,5,0,0,0,0,0,0,0,0,0,0,0,0,4,9,8,48,normal
0.000000,15600,0,0,0,0,0,0,0,0,0,0,0,0,0,5,0,65,36,normal
2.251173,1900,5,0,0,0,0,0,0,0,0,0,0,0,0,5,10,65,48,normal
2.247698,1900,5,0,0,0,0,0,0,0,0,0,0,0,0,5,11,9,49,normal
2.969171,1900,5,0,0,0,0,0,0,0,0,0,0,0,0,6,12,65,49,normal
2.965170,1900,5,0,0,0,0,0,0,0,0,0,0,0,0,6,13,10,49,normal
0.000000,1900,0,0,0,0,0,0,0,0,0,0,0,0,0,1,0,64,49,normal
3.173675,1900,5,0,0,0,0,0,0,0,0,0,0,0,0,2,4,64,50,normal
3.174877,1900,5,0,0,0,0,0,0,0,0,0,0,0,0,2,5,11,50,normal
3.189063,1900,5,0,0,0,0,0,0,0,0,0,0,0,0,3,6,63,50,normal
3.188899,1900,5,0,0,0,0,0,0,0,0,0,0,0,0,3,7,12,51,normal
0.308033,1900,5,0,0,0,0,0,0,0,0,0,0,0,0,1,1,63,51,normal
3.381434,1900,5,0,0,0,0,0,0,0,0,0,0,0,0,2,4,63,52,normal
3.376865,1900,5,0,0,0,0,0,0,0,0,0,0,0,0,2,5,13,52,normal
63.004916,547,5,0,0,0,0,0,0,0,0,0,0,0,0,0,0,6,6,normal
0.612454,1900,5,0,0,0,0,0,0,0,0,0,0,0,0,1,1,62,52,normal
3.994803,1900,5,0,0,0,0,0,0,0,0,0,0,0,0,1,2,62,52,normal
4.012857,1900,5,0,0,0,0,0,0,0,0,0,0,0,0,1,3,14,52,normal
0.000000,15600,0,0,0,0,0,0,0,0,0,0,0,0,0,0,0,17,32,normal
5.328231,1900,5,0,0,0,0,0,0,0,0,0,0,0,0,1,2,60,52,normal
5.324049,1900,5,0,0,0,0,0,0,0,0,0,0,0,0,1,3,15,53,normal
5.938480,1900,5,0,0,0,0,0,0,0,0,0,0,0,0,2,4,60,54,normal
5.936256,1900,5,0,0,0,0,0,0,0,0,0,0,0,0,2,5,16,54,normal
6.142623,1900,5,0,0,0,0,0,0,0,0,0,0,0,0,3,6,59,54,normal
6.138430,1900,5,0,0,0,0,0,0,0,0,0,0,0,0,3,7,17,54,normal
6.246438,1900,5,0,0,0,0,0,0,0,0,0,0,0,0,4,8,59,55,normal
6.243793,1900,5,0,0,0,0,0,0,0,0,0,0,0,0,4,9,18,56,normal
6.450089,1900,5,0,0,0,0,0,0,0,0,0,0,0,0,5,10,59,57,normal
6.445564,1900,5,0,0,0,0,0,0,0,0,0,0,0,0,5,11,19,57,normal
6.961668,1900,5,0,0,0,0,0,0,0,0,0,0,0,0,6,12,58,57,normal
6.957053,1900,5,0,0,0,0,0,0,0,0,0,0,0,0,6,13,20,58,normal
0.000000,1900,0,0,0,0,0,0,0,0,0,0,0,0,0,0,0,57,58,normal
0.000000,15600,0,0,0,0,0,0,0,0,0,0,0,0,0,1,0,58,25,normal
8.293202,1900,5,0,0,0,0,0,0,0,0,0,0,0,0,0,0,58,59,normal
8.289064,1900,5,0,0,0,0,0,0,0,0,0,0,0,0,0,1,21,60,normal
3.001409,1900,5,0,0,0,0,0,0,0,0,0,0,0,0,0,0,58,60,normal
0.000000,15600,0,0,0,0,0,0,0,0,0,0,0,0,0,0,0,13,24,normal
6.001879,1900,5,0,0,0,0,0,0,0,0,0,0,0,0,1,1,57,59,normal
0.000000,1900,0,0,0,0,0,0,0,0,0,0,0,0,0,0,0,57,60,normal
0.307110,1900,5,0,0,0,0,0,0,0,0,0,0,0,0,1,1,58,61,normal
0.000000,15600,0,0,0,0,0,0,0,0,0,0,0,0,0,2,0,59,23,normal
0.614195,1900,5,0,0,0,0,0,0,0,0,0,0,0,0,3,2,59,62,normal
9.007568,1900,5,0,0,0,0,0,0,0,0,0,0,0,0,0,0,60,63,normal
0.000000,15600,0,0,0,0,0,0,0,0,0,0,0,0,0,0,0,13,23,normal
12.008390,1900,5,0,0,0,0,0,0,0,0,0,0,0,0,1,1,59,62,normal
0.000000,15600,0,0,0,0,0,0,0,0,0,0,0,0,0,0,0,60,24,normal
15.008490,1900,5,0,0,0,0,0,0,0,0,0,0,0,0,2,2,60,62,normal
0.000000,15600,0,0,0,0,0,0,0,0,0,0,0,0,0,0,0,13,24,normal
0.000000,1900,0,0,0,0,0,0,0,0,0,0,0,0,0,0,0,61,63,normal
0.307186,1900,5,0,0,0,0,0,0,0,0,0,0,0,0,1,1,62,64,normal
0.614350,1900,5,0,0,0,0,0,0,0,0,0,0,0,0,2,2,62,64,normal
0.000000,15600,0,0,0,0,0,0,0,0,0,0,0,0,0,3,0,62,24,normal
0.000000,15600,0,0,0,0,0,0,0,0,0,0,0,0,0,0,0,13,24,normal
0.000000,138,0,0,0,0,0,0,0,0,0,0,0,0,0,0,0,14,1,normal
0.000000,15600,0,0,0,0,0,0,0,0,0,0,0,0,0,0,0,61,25,normal
0.000000,1900,0,0,0,0,0,0,0,0,0,0,0,0,0,1,0,62,63,normal
0.308688,1900,5,0,0,0,0,0,0,0,0,0,0,0,0,2,1,62,64,normal
0.614277,1900,5,0,0,0,0,0,0,0,0,0,0,0,0,3,2,62,65,normal
0.000000,15600,0,0,0,0,0,0,0,0,0,0,0,0,0,0,0,14,24,normal
0.000000,15600,0,0,0,0,0,0,0,0,0,0,0,0,0,0,0,63,25,normal
0.000000,15600,0,0,0,0,0,0,0,0,0,0,0,0,0,0,0,15,26,normal
0.000000,1900,0,0,0,0,0,0,0,0,0,0,0,0,0,0,0,63,66,normal
0.307133,1900,5,0,0,0,0,0,0,0,0,0,0,0,0,1,1,63,67,normal
0.000000,15600,0,0,0,0,0,0,0,0,0,0,0,0,0,2,0,64,27,normal
0.614392,1900,5,0,0,0,0,0,0,0,0,0,0,0,0,3,2,64,68,normal
0.000000,15600,0,0,0,0,0,0,0,0,0,0,0,0,0,0,0,15,27,normal
0.000000,15600,0,0,0,0,0,0,0,0,0,0,0,0,0,0,0,64,28,normal
0.000000,15600,0,0,0,0,0,0,0,0,0,0,0,0,0,0,0,16,29,normal
0.000000,1900,0,0,0,0,0,0,0,0,0,0,0,0,0,0,0,63,66,normal
0.307683,1900,5,0,0,0,0,0,0,0,0,0,0,0,0,1,1,63,67,normal
0.614416,1900,5,0,0,0,0,0,0,0,0,0,0,0,0,2,2,64,68,normal
0.000000,15600,0,0,0,0,0,0,0,0,0,0,0,0,0,3,0,64,27,normal
0.000000,15600,0,0,0,0,0,0,0,0,0,0,0,0,0,0,0,16,28,normal
0.000000,15600,0,0,0,0,0,0,0,0,0,0,0,0,0,0,0,64,29,normal
0.000000,1900,0,0,0,0,0,0,0,0,0,0,0,0,0,1,0,64,67,normal
0.309260,1900,5,0,0,0,0,0,0,0,0,0,0,0,0,2,1,64,67,normal
0.510319,1900,5,0,0,0,0,0,0,0,0,0,0,0,0,3,2,65,68,normal
0.000000,15600,0,0,0,0,0,0,0,0,0,0,0,0,0,0,0,16,28,normal
0.000000,15600,0,0,0,0,0,0,0,0,0,0,0,0,0,0,0,65,28,normal
60.930601,1900,5,0,0,0,0,0,0,0,0,0,0,0,0,0,0,66,69,normal
0.000000,15600,0,0,0,0,0,0,0,0,0,0,0,0,0,0,0,15,29,normal
63.932440,1900,5,0,0,0,0,0,0,0,0,0,0,0,0,1,1,65,68,normal
0.000000,1900,0,0,0,0,0,0,0,0,0,0,0,0,0,0,0,65,69,normal
0.307226,1900,5,0,0,0,0,0,0,0,0,0,0,0,0,1,1,65,69,normal
0.000000,15600,0,0,0,0,0,0,0,0,0,0,0,0,0,2,0,66,28,normal
0.618350,1900,5,0,0,0,0,0,0,0,0,0,0,0,0,3,2,66,70,normal
66.933368,1900,5,0,0,0,0,0,0,0,0,0,0,0,0,0,0,67,71,normal
0.000000,15600,0,0,0,0,0,0,0,0,0,0,0,0,0,0,0,14,27,normal
69.939103,1900,5,0,0,0,0,0,0,0,0,0,0,0,0,1,1,66,70,normal
0.000000,15600,0,0,0,0,0,0,0,0,0,0,0,0,0,0,0,66,28,normal
72.939574,1900,5,0,0,0,0,0,0,0,0,0,0,0,0,2,2,66,70,normal
0.000000,15600,0,0,0,0,0,0,0,0,0,0,0,0,0,0,0,14,27,normal
75.940482,1900,5,0,0,0,0,0,0,0,0,0,0,0,0,3,3,66,70,normal
0.000000,1900,0,0,0,0,0,0,0,0,0,0,0,0,0,0,0,67,70,normal
0.309782,1900,5,0,0,0,0,0,0,0,0,0,0,0,0,1,1,67,70,normal
0.614444,1900,5,0,0,0,0,0,0,0,0,0,0,0,0,2,2,68,70,normal
0.000000,15600,0,0,0,0,0,0,0,0,0,0,0,0,0,3,0,68,28,normal
0.000000,15600,0,0,0,0,0,0,0,0,0,0,0,0,0,0,0,15,29,normal
0.000000,15600,0,0,0,0,0,0,0,0,0,0,0,0,0,0,1,68,30,normal
0.000000,137,5,0,0,0,0,0,0,0,0,0,0,0,0,1,0,16,0,normal
0.000000,1900,0,0,0,0,0,0,0,0,0,0,0,0,0,1,0,68,66,normal
0.306933,1900,5,0,0,0,0,0,0,0,0,0,0,0,0,2,1,69,66,normal
0.615214,1900,5,0,0,0,0,0,0,0,0,0,0,0,0,3,2,69,67,normal
0.000000,15600,0,0,0,0,0,0,0,0,0,0,0,0,0,0,0,17,30,normal
0.000000,15600,0,0,0,0,0,0,0,0,0,0,0,0,0,0,0,69,31,normal
0.000000,1900,0,0,0,0,0,0,0,0,0,0,0,0,0,0,0,69,65,normal
0.204669,1900,5,0,0,0,0,0,0,0,0,0,0,0,0,1,1,70,65,normal
0.000000,15600,0,0,0,0,0,0,0,0,0,0,0,0,0,2,0,70,32,normal
0.511945,1900,5,0,0,0,0,0,0,0,0,0,0,0,0,3,2,70,64,normal
0.000000,15600,0,0,0,0,0,0,0,0,0,0,0,0,0,0,0,18,33,normal
0.000000,15600,0,0,0,0,0,0,0,0,0,0,0,0,0,0,0,70,34,normal
0.000000,15600,0,0,0,0,0,0,0,0,0,0,0,0,0,0,0,19,35,normal
0.000000,1900,0,0,0,0,0,0,0,0,0,0,0,0,0,0,0,70,61,normal
0.307142,1900,5,0,0,0,0,0,0,0,0,0,0,0,0,1,1,70,61,normal
0.614381,1900,5,0,0,0,0,0,0,0,0,0,0,0,0,2,2,71,61,normal
0.000000,15600,0,0,0,0,0,0,0,0,0,0,0,0,0,3,0,72,36,normal
0.000000,15600,0,0,0,0,0,0,0,0,0,0,0,0,0,0,0,20,37,normal
0.000000,15600,0,0,0,0,0,0,0,0,0,0,0,0,0,0,0,71,38,normal
0.000000,1900,0,0,0,0,0,0,0,0,0,0,0,0,0,1,0,72,59,normal
0.272307,1900,5,0,0,0,0,0,0,0,0,0,0,0,0,2,1,73,60,normal
0.625797,1900,5,0,0,0,0,0,0,0,0,0,0,0,0,3,2,73,60,normal
0.000000,15600,0,0,0,0,0,0,0,0,0,0,0,0,0,0,0,20,38,normal
0.000000,138,0,0,0,0,0,0,0,0,0,0,0,0,0,1,0,21,1,normal
0.000000,15600,0,0,0,0,0,0,0,0,0,0,0,0,0,0,0,73,39,normal
0.000000,15600,0,0,0,0,0,0,0,0,0,0,0,0,0,0,0,0,0,normal
0.000000,15600,0,0,0,0,0,0,0,0,0,0,0,0,0,0,0,0,1,normal
0.000000,15600,0,0,0,0,0,0,0,0,0,0,0,0,0,0,0,1,2,normal
0.000000,15600,0,0,0,0,0,0,0,0,0,0,0,0,0,0,0,1,3,normal
0.000000,15600,0,0,0,0,0,0,0,0,0,0,0,0,0,0,0,2,4,normal
0.000000,15600,0,0,0,0,0,0,0,0,0,0,0,0,0,0,0,2,5,normal
0.000000,1900,0,0,0,0,0,0,0,0,0,0,0,0,0,1,0,3,0,normal
0.000000,15600,0,0,0,0,0,0,0,0,0,0,0,0,0,0,0,3,6,normal
3.000846,1900,5,0,0,0,0,0,0,0,0,0,0,0,0,1,1,4,1,normal
0.000000,15600,0,0,0,0,0,0,0,0,0,0,0,0,0,0,0,5,7,normal
0.000000,137,5,0,0,0,0,0,0,0,0,0,0,0,0,0,0,4,0,normal
6.001332,1900,5,0,0,0,0,0,0,0,0,0,0,0,0,0,0,6,2,normal
0.000000,15600,0,0,0,0,0,0,0,0,0,0,0,0,0,1,0,5,8,normal
9.006894,1900,5,0,0,0,0,0,0,0,0,0,0,0,0,1,1,7,3,normal
0.000000,15600,0,0,0,0,0,0,0,0,0,0,0,0,0,0,0,8,9,normal
12.007717,1900,5,0,0,0,0,0,0,0,0,0,0,0,0,2,2,9,4,normal
0.000000,15600,0,0,0,0,0,0,0,0,0,0,0,0,0,0,0,6,10,normal
15.008349,1900,5,0,0,0,0,0,0,0,0,0,0,0,0,3,3,10,5,normal
0.000000,15600,0,0,0,0,0,0,0,0,0,0,0,0,0,0,0,11,11,normal
0.000000,15600,0,0,0,0,0,0,0,0,0,0,0,0,0,0,0,7,12,normal
0.000000,15600,0,0,0,0,0,0,0,0,0,0,0,0,0,0,0,12,13,normal
0.000000,15600,0,0,0,0,0,0,0,0,0,0,0,0,0,0,0,8,14,normal
0.000000,15600,0,0,0,0,0,0,0,0,0,0,0,0,0,0,0,13,15,normal
0.000000,15600,0,0,0,0,0,0,0,0,0,0,0,0,0,0,0,9,16,normal
0.000000,15600,0,0,0,0,0,0,0,0,0,0,0,0,0,0,0,14,17,normal
0.000000,1900,0,0,0,0,0,0,0,0,0,0,0,0,0,0,0,15,6,normal
0.003647,1900,5,0,0,0,0,0,0,0,0,0,0,0,0,1,1,16,7,normal
0.000000,15600,0,0,0,0,0,0,0,0,0,0,0,0,0,0,0,10,18,normal
0.511916,1900,5,0,0,0,0,0,0,0,0,0,0,0,0,2,2,17,8,normal
0.819569,1900,5,0,0,0,0,0,0,0,0,0,0,0,0,3,3,18,9,normal
0.000000,15600,0,0,0,0,0,0,0,0,0,0,0,0,0,0,0,19,19,normal
0.000000,15600,0,0,0,0,0,0,0,0,0,0,0,0,0,0,0,11,20,normal
0.000000,1900,0,0,0,0,0,0,0,0,0,0,0,0,0,0,0,20,10,normal
0.204372,1900,5,0,0,0,0,0,0,0,0,0,0,0,0,1,1,21,11,normal
0.511561,1900,5,0,0,0,0,0,0,0,0,0,0,0,0,2,2,22,12,normal
7.375647,1900,5,0,0,0,0,0,0,0,0,0,0,0,0,0,0,23,13,normal
7.378835,1900,5,0,0,0,0,0,0,0,0,0,0,0,0,1,1,24,14,normal
7.681420,1900,5,0,0,0,0,0,0,0,0,0,0,0,0,2,2,25,15,normal
7.885308,1900,5,0,0,0,0,0,0,0,0,0,0,0,0,3,3,26,16,normal
0.000000,15600,0,0,0,0,0,0,0,0,0,0,0,0,0,0,0,27,21,normal
0.000000,15600,0,0,0,0,0,0,0,0,0,0,0,0,0,0,0,12,22,normal
0.000000,15600,0,0,0,0,0,0,0,0,0,0,0,0,0,0,0,28,23,normal
0.000000,1900,0,0,0,0,0,0,0,0,0,0,0,0,0,1,0,29,17,normal
0.307121,1900,5,0,0,0,0,0,0,0,0,0,0,0,0,2,1,30,18,normal
0.614317,1900,5,0,0,0,0,0,0,0,0,0,0,0,0,3,2,31,19,normal
0.000000,15600,0,0,0,0,0,0,0,0,0,0,0,0,0,0,0,13,24,normal
0.000000,15600,0,0,0,0,0,0,0,0,0,0,0,0,0,0,0,32,25,normal
60.620646,1900,5,0,0,0,0,0,0,0,0,0,0,0,0,0,0,33,20,normal
0.000000,15600,0,0,0,0,0,0,0,0,0,0,0,0,0,0,0,14,26,normal
63.622209,1900,5,0,0,0,0,0,0,0,0,0,0,0,0,1,1,34,21,normal
0.000000,1900,0,0,0,0,0,0,0,0,0,0,0,0,0,0,0,35,22,normal
0.306620,1900,5,0,0,0,0,0,0,0,0,0,0,0,0,1,1,36,23,normal
0.000000,15600,0,0,0,0,0,0,0,0,0,0,0,0,0,2,0,37,27,normal
0.613866,1900,5,0,0,0,0,0,0,0,0,0,0,0,0,3,2,38,24,normal
66.622374,1900,5,0,0,0,0,0,0,0,0,0,0,0,0,0,0,39,25,normal
0.000000,15600,0,0,0,0,0,0,0,0,0,0,0,0,0,0,0,15,28,normal
69.627874,1900,5,0,0,0,0,0,0,0,0,0,0,0,0,1,1,40,26,normal
0.000000,15600,0,0,0,0,0,0,0,0,0,0,0,0,0,0,0,41,29,normal
72.628744,1900,5,0,0,0,0,0,0,0,0,0,0,0,0,2,2,42,27,normal
0.000000,15600,0,0,0,0,0,0,0,0,0,0,0,0,0,0,0,16,30,normal
0.000000,1900,0,0,0,0,0,0,0,0,0,0,0,0,0,0,0,43,28,normal
0.307122,1900,5,0,0,0,0,0,0,0,0,0,0,0,0,1,1,44,29,normal
0.614373,1900,5,0,0,0,0,0,0,0,0,0,0,0,0,2,2,45,30,normal
75.629671,1900,5,0,0,0,0,0,0,0,0,0,0,0,0,0,0,46,31,normal
0.000000,15600,0,0,0,0,0,0,0,0,0,0,0,0,0,3,0,47,31,normal
0.000000,15600,0,0,0,0,0,0,0,0,0,0,0,0,0,0,0,17,32,normal
0.000000,15600,0,0,0,0,0,0,0,0,0,0,0,0,0,0,0,48,33,normal
0.000000,1900,0,0,0,0,0,0,0,0,0,0,0,0,0,1,0,49,32,normal
0.307304,1900,5,0,0,0,0,0,0,0,0,0,0,0,0,2,1,50,33,normal
0.614410,1900,5,0,0,0,0,0,0,0,0,0,0,0,0,3,2,51,34,normal
0.000000,15600,0,0,0,0,0,0,0,0,0,0,0,0,0,0,0,18,34,normal
0.000000,15600,0,0,0,0,0,0,0,0,0,0,0,0,0,0,0,52,35,normal
0.000000,15600,0,0,0,0,0,0,0,0,0,0,0,0,0,0,0,19,36,normal
0.000000,1900,0,0,0,0,0,0,0,0,0,0,0,0,0,0,0,53,35,normal
0.307093,1900,5,0,0,0,0,0,0,0,0,0,0,0,0,1,1,54,36,normal
0.000000,15600,0,0,0,0,0,0,0,0,0,0,0,0,0,2,0,55,37,normal
0.616291,1900,5,0,0,0,0,0,0,0,0,0,0,0,0,3,2,56,37,normal
0.000000,15600,0,0,0,0,0,0,0,0,0,0,0,0,0,0,0,20,38,normal
0.000000,15600,0,0,0,0,0,0,0,0,0,0,0,0,0,0,0,57,39,normal
0.000000,15600,0,0,0,0,0,0,0,0,0,0,0,0,0,0,0,21,40,normal
0.000000,1900,0,0,0,0,0,0,0,0,0,0,0,0,0,0,0,58,38,normal
0.290845,1900,5,0,0,0,0,0,0,0,0,0,0,0,0,1,1,59,39,normal
0.600634,1900,5,0,0,0,0,0,0,0,0,0,0,0,0,2,2,60,40,normal
0.000000,15600,0,0,0,0,0,0,0,0,0,0,0,0,0,3,0,61,41,normal
0.000000,15600,0,0,0,0,0,0,0,0,0,0,0,0,0,0,0,22,42,normal
0.000000,547,0,0,0,0,0,0,0,0,0,0,0,0,0,0,0,0,0,normal
0.000000,15600,0,0,0,0,0,0,0,0,0,0,0,0,0,0,0,62,43,normal
1.000103,547,5,0,0,0,0,0,0,0,0,0,0,0,0,1,1,1,1,normal
0.000000,1900,0,0,0,0,0,0,0,0,0,0,0,0,0,1,0,63,41,normal
0.306180,1900,5,0,0,0,0,0,0,0,0,0,0,0,0,2,1,64,42,normal
3.000139,547,5,0,0,0,0,0,0,0,0,0,0,0,0,1,1,2,2,normal
0.615235,1900,5,0,0,0,0,0,0,0,0,0,0,0,0,2,2,65,43,normal
0.000000,15600,0,0,0,0,0,0,0,0,0,0,0,0,0,0,0,23,44,normal
7.001071,547,5,0,0,0,0,0,0,0,0,0,0,0,0,1,1,3,3,normal
0.000000,15600,0,0,0,0,0,0,0,0,0,0,0,0,0,0,0,24,45,normal
0.000000,1900,0,0,0,0,0,0,0,0,0,0,0,0,0,0,0,66,44,normal
0.307406,1900,5,0,0,0,0,0,0,0,0,0,0,0,0,1,1,67,45,normal
0.000000,15600,0,0,0,0,0,0,0,0,0,0,0,0,0,2,0,68,46,normal
0.614417,1900,5,0,0,0,0,0,0,0,0,0,0,0,0,3,2,69,46,normal
15.002123,547,5,0,0,0,0,0,0,0,0,0,0,0,0,0,0,4,4,normal
0.000000,15600,0,0,0,0,0,0,0,0,0,0,0,0,0,0,0,25,47,normal
0.000000,15600,0,0,0,0,0,0,0,0,0,0,0,0,0,0,0,70,47,normal
0.000000,3702,0,0,0,0,0,0,0,0,0,0,0,0,0,1,0,70,0,normal
0.000000,3702,0,0,0,0,0,0,0,0,0,0,0,0,0,0,1,0,1,normal
0.130303,3702,5,0,0,0,0,0,0,0,0,0,0,0,0,1,2,1,2,normal
0.236826,3702,5,0,0,0,0,0,0,0,0,0,0,0,0,2,3,70,3,normal
0.389091,3702,5,0,0,0,0,0,0,0,0,0,0,0,0,2,4,2,4,normal
0.687778,3702,5,0,0,0,0,0,0,0,0,0,0,0,0,3,5,69,5,normal
0.840110,3702,5,0,0,0,0,0,0,0,0,0,0,0,0,3,6,3,6,normal
1.137886,3702,5,0,0,0,0,0,0,0,0,0,0,0,0,4,7,69,7,normal
0.000000,15600,0,0,0,0,0,0,0,0,0,0,0,0,0,0,0,22,41,normal
0.000000,1900,0,0,0,0,0,0,0,0,0,0,0,0,0,4,0,69,45,normal
0.307184,1900,5,0,0,0,0,0,0,0,0,0,0,0,0,5,1,69,45,normal
0.614365,1900,5,0,0,0,0,0,0,0,0,0,0,0,0,6,2,70,46,normal
0.000000,15600,0,0,0,0,0,0,0,0,0,0,0,0,0,3,0,70,41,normal
0.000000,15600,0,0,0,0,0,0,0,0,0,0,0,0,0,0,0,21,41,normal
0.000000,15600,0,0,0,0,0,0,0,0,0,0,0,0,0,0,0,69,42,normal
31.003014,547,5,0,0,0,0,0,0,0,0,0,0,0,0,0,0,5,5,normal
0.000000,1900,0,0,0,0,0,0,0,0,0,0,0,0,0,1,0,69,44,normal
0.307218,1900,5,0,0,0,0,0,0,0,0,0,0,0,0,2,1,69,45,normal
0.614406,1900,5,0,0,0,0,0,0,0,0,0,0,0,0,3,2,70,46,normal
0.000000,15600,0,0,0,0,0,0,0,0,0,0,0,0,0,0,0,20,39,normal
0.000000,15600,0,0,0,0,0,0,0,0,0,0,0,0,0,0,0,70,39,normal
0.000000,15600,0,0,0,0,0,0,0,0,0,0,0,0,0,0,0,20,39,normal
0.000000,138,0,0,0,0,0,0,0,0,0,0,0,0,0,1,0,20,0,normal
0.000000,1900,0,0,0,0,0,0,0,0,0,0,0,0,0,0,0,69,47,normal
0.309455,1900,5,0,0,0,0,0,0,0,0,0,0,0,0,1,1,69,47,normal
0.000000,15600,0,0,0,0,0,0,0,0,0,0,0,0,0,2,0,69,38,normal
0.614388,1900,5,0,0,0,0,0,0,0,0,0,0,0,0,3,2,70,47,normal
0.000000,15600,0,0,0,0,0,0,0,0,0,0,0,0,0,0,0,20,38,normal
0.000000,15600,0,0,0,0,0,0,0,0,0,0,0,0,0,0,0,69,39,normal
0.000000,15600,0,0,0,0,0,0,0,0,0,0,0,0,0,0,0,21,39,normal
0.000000,1900,0,0,0,0,0,0,0,0,0,0,0,0,0,0,0,69,46,normal
0.307330,1900,5,0,0,0,0,0,0,0,0,0,0,0,0,1,1,69,46,normal
0.618850,1900,5,0,0,0,0,0,0,0,0,0,0,0,0,2,2,69,46,normal
0.000000,15600,0,0,0,0,0,0,0,0,0,0,0,0,0,3,0,69,39,normal
0.000000,15600,0,0,0,0,0,0,0,0,0,0,0,0,0,0,0,21,40,normal
0.000000,1900,0,0,0,0,0,0,0,0,0,0,0,0,0,0,0,68,44,normal
0.000000,1900,0,0,0,0,0,0,0,0,0,0,0,0,0,0,1,4,44,normal
0.204636,1900,5,0,0,0,0,0,0,0,0,0,0,0,0,1,2,67,44,normal
0.213937,1900,5,0,0,0,0,0,0,0,0,0,0,0,0,1,3,5,45,normal
0.229887,1900,5,0,0,0,0,0,0,0,0,0,0,0,0,2,4,67,46,normal
0.227543,1900,5,0,0,0,0,0,0,0,0,0,0,0,0,2,5,6,47,normal
0.407867,1900,5,0,0,0,0,0,0,0,0,0,0,0,0,3,6,66,47,normal
0.411037,1900,5,0,0,0,0,0,0,0,0,0,0,0,0,3,7,7,47,normal
1.023160,1900,5,0,0,0,0,0,0,0,0,0,0,0,0,4,8,65,47,normal
1.018721,1900,5,0,0,0,0,0,0,0,0,0,0,0,0,4,9,8,48,normal
0.000000,15600,0,0,0,0,0,0,0,0,0,0,0,0,0,5,0,65,36,normal
2.251222,1900,5,0,0,0,0,0,0,0,0,0,0,0,0,5,10,65,48,normal
2.247837,1900,5,0,0,0,0,0,0,0,0,0,0,0,0,5,11,9,49,normal
2.969197,1900,5,0,0,0,0,0,0,0,0,0,0,0,0,6,12,65,49,normal
2.965284,1900,5,0,0,0,0,0,0,0,0,0,0,0,0,6,13,10,49,normal
0.000000,1900,0,0,0,0,0,0,0,0,0,0,0,0,0,1,0,64,49,normal
3.173698,1900,5,0,0,0,0,0,0,0,0,0,0,0,0,2,4,64,50,normal
3.174987,1900,5,0,0,0,0,0,0,0,0,0,0,0,0,2,5,11,50,normal
3.189067,1900,5,0,0,0,0,0,0,0,0,0,0,0,0,3,6,63,50,normal
3.189133,1900,5,0,0,0,0,0,0,0,0,0,0,0,0,3,7,12,51,normal
0.308006,1900,5,0,0,0,0,0,0,0,0,0,0,0,0,1,1,63,51,normal
3.381432,1900,5,0,0,0,0,0,0,0,0,0,0,0,0,2,4,63,52,normal
3.376970,1900,5,0,0,0,0,0,0,0,0,0,0,0,0,2,5,13,52,normal
63.003449,547,5,0,0,0,0,0,0,0,0,0,0,0,0,0,0,6,6,normal
0.612430,1900,5,0,0,0,0,0,0,0,0,0,0,0,0,1,1,62,52,normal
3.994767,1900,5,0,0,0,0,0,0,0,0,0,0,0,0,1,2,62,52,normal
4.012957,1900,5,0,0,0,0,0,0,0,0,0,0,0,0,1,3,14,52,normal
0.000000,15600,0,0,0,0,0,0,0,0,0,0,0,0,0,0,0,17,32,normal
5.328221,1900,5,0,0,0,0,0,0,0,0,0,0,0,0,1,2,60,52,normal
5.324112,1900,5,0,0,0,0,0,0,0,0,0,0,0,0,1,3,15,53,normal
5.938427,1900,5,0,0,0,0,0,0,0,0,0,0,0,0,2,4,60,54,normal
5.936454,1900,5,0,0,0,0,0,0,0,0,0,0,0,0,2,5,16,54,normal
6.142497,1900,5,0,0,0,0,0,0,0,0,0,0,0,0,3,6,59,54,normal
6.138485,1900,5,0,0,0,0,0,0,0,0,0,0,0,0,3,7,17,54,normal
6.246521,1900,5,0,0,0,0,0,0,0,0,0,0,0,0,4,8,59,55,normal
6.243846,1900,5,0,0,0,0,0,0,0,0,0,0,0,0,4,9,18,56,normal
6.450042,1900,5,0,0,0,0,0,0,0,0,0,0,0,0,5,10,59,57,normal
6.445609,1900,5,0,0,0,0,0,0,0,0,0,0,0,0,5,11,19,57,normal
6.961494,1900,5,0,0,0,0,0,0,0,0,0,0,0,0,6,12,58,57,normal
6.957208,1900,5,0,0,0,0,0,0,0,0,0,0,0,0,6,13,20,58,normal
0.000000,1900,0,0,0,0,0,0,0,0,0,0,0,0,0,0,0,57,58,normal
0.000000,15600,0,0,0,0,0,0,0,0,0,0,0,0,0,1,0,58,25,normal
8.293103,1900,5,0,0,0,0,0,0,0,0,0,0,0,0,0,0,58,59,normal
8.289082,1900,5,0,0,0,0,0,0,0,0,0,0,0,0,0,1,21,60,normal
3.001240,1900,5,0,0,0,0,0,0,0,0,0,0,0,0,0,0,58,60,normal
0.000000,15600,0,0,0,0,0,0,0,0,0,0,0,0,0,0,0,13,24,normal
6.001684,1900,5,0,0,0,0,0,0,0,0,0,0,0,0,1,1,57,59,normal
0.000000,1900,0,0,0,0,0,0,0,0,0,0,0,0,0,0,0,57,60,normal
0.307113,1900,5,0,0,0,0,0,0,0,0,0,0,0,0,1,1,58,61,normal
0.000000,15600,0,0,0,0,0,0,0,0,0,0,0,0,0,2,0,59,23,normal
0.614432,1900,5,0,0,0,0,0,0,0,0,0,0,0,0,3,2,59,62,normal
9.007222,1900,5,0,0,0,0,0,0,0,0,0,0,0,0,0,0,60,63,normal
0.000000,15600,0,0,0,0,0,0,0,0,0,0,0,0,0,0,0,13,23,normal
12.008015,1900,5,0,0,0,0,0,0,0,0,0,0,0,0,1,1,59,62,normal
0.000000,15600,0,0,0,0,0,0,0,0,0,0,0,0,0,0,0,60,24,normal
15.008039,1900,5,0,0,0,0,0,0,0,0,0,0,0,0,2,2,60,62,normal
0.000000,15600,0,0,0,0,0,0,0,0,0,0,0,0,0,0,0,13,24,normal
0.000000,1900,0,0,0,0,0,0,0,0,0,0,0,0,0,0,0,61,63,normal
0.307189,1900,5,0,0,0,0,0,0,0,0,0,0,0,0,1,1,62,64,normal
0.614347,1900,5,0,0,0,0,0,0,0,0,0,0,0,0,2,2,62,64,normal
0.000000,15600,0,0,0,0,0,0,0,0,0,0,0,0,0,3,0,62,24,normal
0.000000,15600,0,0,0,0,0,0,0,0,0,0,0,0,0,0,0,13,24,normal
0.000000,138,0,0,0,1,0,0,0,0,0,0,0,0,0,0,0,14,1,normal
0.000000,15600,0,0,0,0,0,0,0,0,0,0,0,0,0,0,0,61,25,normal
0.000000,1900,0,0,0,0,0,0,0,0,0,0,0,0,0,1,0,62,63,normal
0.308663,1900,5,0,0,0,0,0,0,0,0,0,0,0,0,2,1,62,64,normal
0.614257,1900,5,0,0,0,0,0,0,0,0,0,0,0,0,3,2,62,65,normal
0.000000,15600,0,0,0,0,0,0,0,0,0,0,0,0,0,0,0,14,24,normal
0.000000,15600,0,0,0,0,0,0,0,0,0,0,0,0,0,0,0,63,25,normal
0.000000,15600,0,0,0,0,0,0,0,0,0,0,0,0,0,0,0,15,26,normal
0.000000,1900,0,0,0,0,0,0,0,0,0,0,0,0,0,0,0,63,66,normal
0.307126,1900,5,0,0,0,0,0,0,0,0,0,0,0,0,1,1,63,67,normal
0.000000,15600,0,0,0,0,0,0,0,0,0,0,0,0,0,2,0,64,27,normal
0.614355,1900,5,0,0,0,0,0,0,0,0,0,0,0,0,3,2,64,68,normal
0.000000,15600,0,0,0,0,0,0,0,0,0,0,0,0,0,0,0,15,27,normal
0.000000,15600,0,0,0,0,0,0,0,0,0,0,0,0,0,0,0,64,28,normal
0.000000,15600,0,0,0,0,0,0,0,0,0,0,0,0,0,0,0,16,29,normal
0.000000,1900,0,0,0,0,0,0,0,0,0,0,0,0,0,0,0,63,66,normal
0.307686,1900,5,0,0,0,0,0,0,0,0,0,0,0,0,1,1,63,67,normal
0.614396,1900,5,0,0,0,0,0,0,0,0,0,0,0,0,2,2,64,68,normal
0.000000,15600,0,0,0,0,0,0,0,0,0,0,0,0,0,3,0,64,27,normal
0.000000,15600,0,0,0,0,0,0,0,0,0,0,0,0,0,0,0,16,28,normal
0.000000,15600,0,0,0,0,0,0,0,0,0,0,0,0,0,0,0,64,29,normal
0.000000,1900,0,0,0,0,0,0,0,0,0,0,0,0,0,1,0,64,67,normal
0.309151,1900,5,0,0,0,0,0,0,0,0,0,0,0,0,2,1,64,67,normal
0.510312,1900,5,0,0,0,0,0,0,0,0,0,0,0,0,3,2,65,68,normal
0.000000,15600,0,0,0,0,0,0,0,0,0,0,0,0,0,0,0,16,28,normal
0.000000,15600,0,0,0,0,0,0,0,0,0,0,0,0,0,0,0,65,28,normal
60.929112,1900,5,0,0,0,0,0,0,0,0,0,0,0,0,0,0,66,69,normal
0.000000,15600,0,0,0,0,0,0,0,0,0,0,0,0,0,0,0,15,29,normal
63.930931,1900,5,0,0,0,0,0,0,0,0,0,0,0,0,1,1,65,68,normal
0.000000,1900,0,0,0,0,0,0,0,0,0,0,0,0,0,0,0,65,69,normal
0.307223,1900,5,0,0,0,0,0,0,0,0,0,0,0,0,1,1,65,69,normal
0.000000,15600,0,0,0,0,0,0,0,0,0,0,0,0,0,2,0,66,28,normal
0.618338,1900,5,0,0,0,0,0,0,0,0,0,0,0,0,3,2,66,70,normal
66.931734,1900,5,0,0,0,0,0,0,0,0,0,0,0,0,0,0,67,71,normal
0.000000,15600,0,0,0,0,0,0,0,0,0,0,0,0,0,0,0,14,27,normal
69.937347,1900,5,0,0,0,0,0,0,0,0,0,0,0,0,1,1,66,70,normal
0.000000,15600,0,0,0,0,0,0,0,0,0,0,0,0,0,0,0,66,28,normal
72.937904,1900,5,0,0,0,0,0,0,0,0,0,0,0,0,2,2,66,70,normal
0.000000,15600,0,0,0,0,0,0,0,0,0,0,0,0,0,0,0,14,27,normal
75.938636,1900,5,0,0,0,0,0,0,0,0,0,0,0,0,3,3,66,70,normal
0.000000,1900,0,0,0,0,0,0,0,0,0,0,0,0,0,0,0,67,70,normal
0.309779,1900,5,0,0,0,0,0,0,0,0,0,0,0,0,1,1,67,70,normal
0.614441,1900,5,0,0,0,0,0,0,0,0,0,0,0,0,2,2,68,70,normal
0.000000,15600,0,0,0,0,0,0,0,0,0,0,0,0,0,3,0,68,28,normal
0.000000,15600,0,0,0,0,0,0,0,0,0,0,0,0,0,0,0,15,29,normal
0.000000,15600,0,0,0,0,0,0,0,0,0,0,0,0,0,0,1,68,30,normal
0.000000,137,0,0,0,1,0,0,0,0,0,0,0,0,0,1,0,16,0,normal
0.000000,137,0,0,0,0,0,0,0,0,0,0,0,0,0,0,1,0,1,normal
0.000000,137,5,0,0,0,0,0,0,0,0,0,0,0,0,0,2,0,2,normal
0.000000,1900,0,0,0,0,0,0,0,0,0,0,0,0,0,1,0,67,65,normal
0.306880,1900,5,0,0,0,0,0,0,0,0,0,0,0,0,2,1,67,65,normal
0.615156,1900,5,0,0,0,0,0,0,0,0,0,0,0,0,3,2,68,65,normal
0.000000,15600,0,0,0,0,0,0,0,0,0,0,0,0,0,0,0,17,30,normal
0.000000,15600,0,0,0,0,0,0,0,0,0,0,0,0,0,0,0,68,31,normal
0.000000,1900,0,0,0,0,0,0,0,0,0,0,0,0,0,0,0,68,63,normal
0.204839,1900,5,0,0,0,0,0,0,0,0,0,0,0,0,1,1,68,63,normal
0.000000,15600,0,0,0,0,0,0,0,0,0,0,0,0,0,2,0,69,32,normal
0.512106,1900,5,0,0,0,0,0,0,0,0,0,0,0,0,3,2,69,62,normal
0.000000,15600,0,0,0,0,0,0,0,0,0,0,0,0,0,0,0,18,33,normal
0.000000,15600,0,0,0,0,0,0,0,0,0,0,0,0,0,0,0,69,34,normal
0.000000,15600,0,0,0,0,0,0,0,0,0,0,0,0,0,0,0,19,35,normal
0.000000,1900,0,0,0,0,0,0,0,0,0,0,0,0,0,0,0,69,59,normal
0.306799,1900,5,0,0,0,0,0,0,0,0,0,0,0,0,1,1,70,60,normal
0.614326,1900,5,0,0,0,0,0,0,0,0,0,0,0,0,2,2,70,60,normal
0.000000,15600,0,0,0,0,0,0,0,0,0,0,0,0,0,3,0,70,36,normal
0.000000,15600,0,0,0,0,0,0,0,0,0,0,0,0,0,0,0,20,37,normal
0.000000,15600,0,0,0,0,0,0,0,0,0,0,0,0,0,0,0,71,37,normal
0.000000,1900,0,0,0,0,0,0,0,0,0,0,0,0,0,1,0,71,58,normal
0.272019,1900,5,0,0,0,0,0,0,0,0,0,0,0,0,2,1,72,58,normal
0.625594,1900,5,0,0,0,0,0,0,0,0,0,0,0,0,3,2,72,58,normal
0.000000,15600,0,0,0,0,0,0,0,0,0,0,0,0,0,0,0,20,38,normal
0.000000,138,0,0,0,0,0,0,0,0,0,0,0,0,0,1,0,21,1,normal
0.000000,15600,0,0,0,0,0,0,0,0,0,0,0,0,0,0,0,72,39,normal
0.000000,15600,0,0,0,0,0,0,0,0,0,0,0,0,0,0,0,22,40,normal
0.000000,1900,0,0,0,0,0,0,0,0,0,0,0,0,0,0,0,72,54,normal
0.288510,1900,5,0,0,0,0,0,0,0,0,0,0,0,0,1,1,72,54,normal
0.000000,15600,0,0,0,0,0,0,0,0,0,0,0,0,0,2,0,73,41,normal
0.645751,1900,5,0,0,0,0,0,0,0,0,0,0,0,0,3,2,73,53,normal
0.000000,137,5,0,0,0,0,0,0,0,0,0,0,0,0,0,0,23,3,normal
0.000000,15600,0,0,0,0,0,0,0,0,0,0,0,0,0,1,0,24,42,normal
0.000000,15600,0,0,0,0,0,0,0,0,0,0,0,0,0,0,0,72,42,normal
0.000000,15600,0,0,0,0,0,0,0,0,0,0,0,0,0,0,0,25,43,normal
0.000000,1900,0,0,0,0,0,0,0,0,0,0,0,0,0,0,0,72,50,normal
0.305129,1900,5,0,0,0,0,0,0,0,0,0,0,0,0,1,1,72,50,normal
0.647377,1900,5,0,0,0,0,0,0,0,0,0,0,0,0,2,2,73,51,normal
0.000000,15600,0,0,0,0,0,0,0,0,0,0,0,0,0,0,0,73,43,normal
0.000000,15600,0,0,0,0,0,0,0,0,0,0,0,0,0,0,1,25,44,normal
0.000000,15600,0,0,0,0,0,0,0,0,0,0,0,0,0,0,0,72,45,normal
0.000000,1900,0,0,0,0,0,0,0,0,0,0,0,0,0,1,0,72,49,normal
0.311410,1900,5,0,0,0,0,0,0,0,0,0,0,0,0,2,1,72,49,normal
0.614360,1900,5,0,0,0,0,0,0,0,0,0,0,0,0,3,2,72,49,normal
0.000000,15600,0,0,0,0,0,0,0,0,0,0,0,0,0,0,0,73,44,normal
0.000000,15600,0,0,0,0,0,0,0,0,0,0,0,0,0,0,0,25,45,normal
0.000000,1900,0,0,0,0,0,0,0,0,0,0,0,0,0,0,0,72,49,normal
0.000000,1900,0,0,0,0,0,0,0,0,0,0,0,0,0,1,1,72,49,normal
0.307402,1900,5,0,0,0,0,0,0,0,0,0,0,0,0,2,2,73,50,normal
0.000000,15600,0,0,0,0,0,0,0,0,0,0,0,0,0,3,0,73,44,normal
0.614366,1900,5,0,0,0,0,0,0,0,0,0,0,0,0,4,3,73,49,normal
0.000031,59272,1,0,0,0,0,0,0,0,0,0,0,0,0,0,0,0,0,anomaly
0.000025,41451,1,0,0,0,0,0,0,0,0,0,0,0,0,1,0,1,0,anomaly
0.000000,139,3,0,0,0,0,0,0,0,0,0,0,0,0,2,0,2,0,anomaly
0.000026,19846,1,0,0,0,0,0,0,0,0,0,0,0,0,3,0,3,0,anomaly
0.000005,14626,1,0,0,0,0,0,0,0,0,0,0,0,0,4,0,4,0,anomaly
0.000003,32021,1,0,0,0,0,0,0,0,0,0,0,0,0,5,0,5,0,anomaly
0.000003,17314,1,0,0,0,0,0,0,0,0,0,0,0,0,6,0,6,0,anomaly
0.000024,34409,1,0,0,0,0,0,0,0,0,0,0,0,0,7,0,7,0,anomaly
0.000000,15600,0,0,0,0,0,0,0,0,0,0,0,0,0,0,0,0,0,anomaly
0.000030,9454,1,0,0,0,0,0,0,0,0,0,0,0,0,0,0,8,0,anomaly
0.000029,48188,1,0,0,0,0,0,0,0,0,0,0,0,0,1,0,9,0,anomaly
0.000000,15600,0,0,0,0,0,0,0,0,0,0,0,0,0,0,1,0,1,anomaly
0.000000,15600,0,0,0,0,0,0,0,0,0,0,0,0,0,0,0,1,2,anomaly
0.000026,14414,1,0,0,0,0,0,0,0,0,0,0,0,0,0,0,10,0,anomaly
0.000026,48188,1,0,0,0,0,0,0,0,0,0,0,0,0,1,0,11,1,anomaly
0.000024,10458,1,0,0,0,0,0,0,0,0,0,0,0,0,2,0,12,0,anomaly
0.000027,26275,1,0,0,0,0,0,0,0,0,0,0,0,0,2,0,13,0,anomaly
0.000028,27124,1,0,0,0,0,0,0,0,0,0,0,0,0,3,0,14,0,anomaly
0.000028,34175,1,0,0,0,0,0,0,0,0,0,0,0,0,4,0,15,0,anomaly
0.000053,12757,1,0,0,0,0,0,0,0,0,0,0,0,0,5,0,16,0,anomaly
0.000038,12823,1,0,0,0,0,0,0,0,0,0,0,0,0,6,0,17,0,anomaly
0.000026,54565,1,0,0,0,0,0,0,0,0,0,0,0,0,7,0,18,0,anomaly
0.000004,20224,1,0,0,0,0,0,0,0,0,0,0,0,0,8,0,19,0,anomaly
0.000027,39892,1,0,0,0,0,0,0,0,0,0,0,0,0,9,0,20,0,anomaly
0.000000,15600,0,0,0,0,0,0,0,0,0,0,0,0,0,0,0,1,3,anomaly
0.000023,43738,1,0,0,0,0,0,0,0,0,0,0,0,0,10,0,21,0,anomaly
0.000007,22482,1,0,0,0,0,0,0,0,0,0,0,0,0,11,0,22,0,anomaly
0.000004,29667,1,0,0,0,0,0,0,0,0,0,0,0,0,12,0,23,0,anomaly
0.000017,60388,1,0,0,0,0,0,0,0,0,0,0,0,0,13,0,24,0,anomaly
0.000026,36333,1,0,0,0,0,0,0,0,0,0,0,0,0,14,0,25,0,anomaly
0.000004,49361,1,0,0,0,0,0,0,0,0,0,0,0,0,15,0,26,0,anomaly
0.000025,57106,1,0,0,0,0,0,0,0,0,0,0,0,0,16,0,27,0,anomaly
0.000025,50481,1,0,0,0,0,0,0,0,0,0,0,0,0,17,0,28,0,anomaly
0.000028,55940,1,0,0,0,0,0,0,0,0,0,0,0,0,16,0,29,0,anomaly
0.000004,53031,1,0,0,0,0,0,0,0,0,0,0,0,0,17,0,30,0,anomaly
0.000016,44548,1,0,0,0,0,0,0,0,0,0,0,0,0,18,0,31,0,anomaly
0.000025,2081,1,0,0,0,0,0,0,0,0,0,0,0,0,19,0,32,0,anomaly
0.000006,8080,1,0,0,0,0,0,0,0,0,0,0,0,0,20,0,33,0,anomaly
0.444853,445,3,0,0,1,0,0,0,0,0,0,0,0,0,21,0,34,0,anomaly
0.000005,3389,1,0,0,0,0,0,0,0,0,0,0,0,0,22,0,35,0,anomaly
0.000026,62250,1,0,0,0,0,0,0,0,0,0,0,0,0,23,0,36,0,anomaly
0.000027,1551,1,0,0,0,0,0,0,0,0,0,0,0,0,24,0,37,0,anomaly
0.000004,57069,1,0,0,0,0,0,0,0,0,0,0,0,0,25,0,38,0,anomaly
0.000025,21341,1,0,0,0,0,0,0,0,0,0,0,0,0,26,0,39,0,anomaly
0.000027,56531,1,0,0,0,0,0,0,0,0,0,0,0,0,19,0,40,0,anomaly
0.000027,30326,1,0,0,0,0,0,0,0,0,0,0,0,0,20,0,41,0,anomaly
0.000027,46004,1,0,0,0,0,0,0,0,0,0,0,0,0,21,0,42,0,anomaly
0.000023,52276,1,0,0,0,0,0,0,0,0,0,0,0,0,22,0,43,0,anomaly
0.000000,15600,0,0,0,0,0,0,0,0,0,0,0,0,0,0,1,2,4,anomaly
0.000026,55990,1,0,0,0,0,0,0,0,0,0,0,0,0,15,0,44,0,anomaly
0.000004,20173,1,0,0,0,0,0,0,0,0,0,0,0,0,16,0,45,0,anomaly
0.000004,58120,1,0,0,0,0,0,0,0,0,0,0,0,0,17,0,46,0,anomaly
0.000027,34632,1,0,0,0,0,0,0,0,0,0,0,0,0,7,0,47,0,anomaly
0.000005,57699,1,0,0,0,0,0,0,0,0,0,0,0,0,8,0,48,0,anomaly
0.000025,29914,1,0,0,0,0,0,0,0,0,0,0,0,0,9,0,49,0,anomaly
0.000004,3430,1,0,0,0,0,0,0,0,0,0,0,0,0,10,0,50,0,anomaly
0.000046,56924,1,0,0,0,0,0,0,0,0,0,0,0,0,11,0,51,0,anomaly
0.000027,34850,1,0,0,0,0,0,0,0,0,0,0,0,0,12,0,52,0,anomaly
0.000026,65500,1,0,0,0,0,0,0,0,0,0,0,0,0,13,0,53,0,anomaly
0.000026,19888,1,0,0,0,0,0,0,0,0,0,0,0,0,14,0,54,0,anomaly
0.000027,18325,1,0,0,0,0,0,0,0,0,0,0,0,0,11,0,55,0,anomaly
0.000041,23465,1,0,0,0,0,0,0,0,0,0,0,0,0,12,0,56,0,anomaly
0.000022,46004,1,0,0,0,0,0,0,0,0,0,0,0,0,0,0,0,0,anomaly
0.000023,29914,1,0,0,0,0,0,0,0,0,0,0,0,0,1,0,1,0,anomaly
0.000004,57699,1,0,0,0,0,0,0,0,0,0,0,0,0,2,0,2,0,anomaly
0.000002,34632,1,0,0,0,0,0,0,0,0,0,0,0,0,3,0,3,0,anomaly
0.000008,55990,1,0,0,0,0,0,0,0,0,0,0,0,0,4,0,4,0,anomaly
0.000022,20173,1,0,0,0,0,0,0,0,0,0,0,0,0,5,0,5,0,anomaly
0.000005,58120,1,0,0,0,0,0,0,0,0,0,0,0,0,6,0,6,0,anomaly
0.000000,15600,0,0,0,0,0,0,0,0,0,0,0,0,0,0,0,0,0,anomaly
0.000022,19888,1,0,0,0,0,0,0,0,0,0,0,0,0,7,0,7,0,anomaly
0.000006,18325,1,0,0,0,0,0,0,0,0,0,0,0,0,8,0,8,0,anomaly
0.000005,23465,1,0,0,0,0,0,0,0,0,0,0,0,0,9,0,9,0,anomaly
0.000006,58177,1,0,0,0,0,0,0,0,0,0,0,0,0,10,0,10,0,anomaly
0.000135,2608,1,0,0,0,0,0,0,0,0,0,0,0,0,11,0,11,0,anomaly
0.000137,57225,1,0,0,0,0,0,0,0,0,0,0,0,0,12,0,12,0,anomaly
0.000268,44264,1,0,0,0,0,0,0,0,0,0,0,0,0,13,0,13,0,anomaly
0.000022,47100,1,0,0,0,0,0,0,0,0,0,0,0,0,14,0,14,0,anomaly
0.000007,27768,1,0,0,0,0,0,0,0,0,0,0,0,0,15,0,15,0,anomaly
0.000023,56531,1,0,0,0,0,0,0,0,0,0,0,0,0,16,0,16,0,anomaly
0.000023,30326,1,0,0,0,0,0,0,0,0,0,0,0,0,17,0,17,0,anomaly
0.000004,5793,1,0,0,0,0,0,0,0,0,0,0,0,0,18,0,18,0,anomaly
0.000022,26039,1,0,0,0,0,0,0,0,0,0,0,0,0,19,0,19,0,anomaly
0.000016,43765,1,0,0,0,0,0,0,0,0,0,0,0,0,20,0,20,0,anomaly
0.000004,31470,1,0,0,0,0,0,0,0,0,0,0,0,0,21,0,21,0,anomaly
0.000023,34652,1,0,0,0,0,0,0,0,0,0,0,0,0,22,0,22,0,anomaly
0.000024,44264,1,0,0,0,0,0,0,0,0,0,0,0,0,23,1,23,1,anomaly
0.000004,52168,1,0,0,0,0,0,0,0,0,0,0,0,0,24,0,24,0,anomaly
0.000003,42967,1,0,0,0,0,0,0,0,0,0,0,0,0,25,0,25,0,anomaly
0.000018,19846,1,0,0,0,0,0,0,0,0,0,0,0,0,26,0,26,0,anomaly
0.000023,48794,1,0,0,0,0,0,0,0,0,0,0,0,0,27,0,27,0,anomaly
0.000005,54956,1,0,0,0,0,0,0,0,0,0,0,0,0,28,0,28,0,anomaly
0.000005,54812,1,0,0,0,0,0,0,0,0,0,0,0,0,29,0,29,0,anomaly
0.000005,20920,1,0,0,0,0,0,0,0,0,0,0,0,0,30,0,30,0,anomaly
0.000021,58905,1,0,0,0,0,0,0,0,0,0,0,0,0,31,0,31,0,anomaly
0.000003,39169,1,0,0,0,0,0,0,0,0,0,0,0,0,32,0,32,0,anomaly
0.000003,5490,1,0,0,0,0,0,0,0,0,0,0,0,0,33,0,33,0,anomaly
0.000021,45312,1,0,0,0,0,0,0,0,0,0,0,0,0,34,0,34,0,anomaly
0.000022,3489,1,0,0,0,0,0,0,0,0,0,0,0,0,35,0,35,0,anomaly
0.000021,22305,1,0,0,0,0,0,0,0,0,0,0,0,0,29,0,36,0,anomaly
0.000003,16297,1,0,0,0,0,0,0,0,0,0,0,0,0,30,0,37,0,anomaly
0.000002,42152,1,0,0,0,0,0,0,0,0,0,0,0,0,31,0,38,0,anomaly
0.000021,13172,1,0,0,0,0,0,0,0,0,0,0,0,0,32,0,39,0,anomaly
0.000003,61564,1,0,0,0,0,0,0,0,0,0,0,0,0,33,0,40,0,anomaly
0.000003,56822,1,0,0,0,0,0,0,0,0,0,0,0,0,34,0,41,0,anomaly
0.000022,65500,1,0,0,0,0,0,0,0,0,0,0,0,0,35,0,42,0,anomaly
0.000024,29143,1,0,0,0,0,0,0,0,0,0,0,0,0,36,0,43,0,anomaly
0.000023,3521,1,0,0,0,0,0,0,0,0,0,0,0,0,37,0,44,0,anomaly
0.000004,19443,1,0,0,0,0,0,0,0,0,0,0,0,0,38,0,45,0,anomaly
0.000003,40777,1,0,0,0,0,0,0,0,0,0,0,0,0,39,0,46,0,anomaly
0.000002,8195,1,0,0,0,0,0,0,0,0,0,0,0,0,40,0,47,0,anomaly
0.000022,10334,1,0,0,0,0,0,0,0,0,0,0,0,0,41,0,48,0,anomaly
0.000005,14398,1,0,0,0,0,0,0,0,0,0,0,0,0,42,0,49,0,anomaly
0.000005,40152,1,0,0,0,0,0,0,0,0,0,0,0,0,43,0,50,0,anomaly
0.000005,31412,1,0,0,0,0,0,0,0,0,0,0,0,0,44,0,51,0,anomaly
0.000021,22629,1,0,0,0,0,0,0,0,0,0,0,0,0,25,0,52,0,anomaly
0.000000,15600,0,0,0,0,0,0,0,0,0,0,0,0,0,0,0,0,1,anomaly
0.000020,39429,1,0,0,0,0,0,0,0,0,0,0,0,0,26,0,53,0,anomaly
0.000016,61580,1,0,0,0,0,0,0,0,0,0,0,0,0,27,0,54,0,anomaly
0.000021,22183,1,0,0,0,0,0,0,0,0,0,0,0,0,19,0,55,0,anomaly
0.000004,47928,1,0,0,0,0,0,0,0,0,0,0,0,0,20,0,56,0,anomaly
0.000022,63859,1,0,0,0,0,0,0,0,0,0,0,0,0,21,0,57,0,anomaly
0.000022,42712,1,0,0,0,0,0,0,0,0,0,0,0,0,22,0,58,0,anomaly
0.000006,35147,1,0,0,0,0,0,0,0,0,0,0,0,0,23,0,59,0,anomaly
0.000020,60248,1,0,0,0,0,0,0,0,0,0,0,0,0,24,0,60,0,anomaly
0.000023,37995,1,0,0,0,0,0,0,0,0,0,0,0,0,25,0,61,0,anomaly
0.000025,2172,1,0,0,0,0,0,0,0,0,0,0,0,0,10,0,62,0,anomaly
0.000022,43442,1,0,0,0,0,0,0,0,0,0,0,0,0,11,0,63,0,anomaly
0.000023,64510,1,0,0,0,0,0,0,0,0,0,0,0,0,12,0,64,0,anomaly
0.000023,18463,1,0,0,0,0,0,0,0,0,0,0,0,0,13,0,65,0,anomaly
0.000022,31812,1,0,0,0,0,0,0,0,0,0,0,0,0,14,0,66,0,anomaly
0.000020,17304,1,0,0,0,0,0,0,0,0,0,0,0,0,15,0,67,0,anomaly
0.000000,15600,0,0,0,0,0,0,0,0,0,0,0,0,0,0,0,1,2,anomaly
0.000023,45353,1,0,0,0,0,0,0,0,0,0,0,0,0,13,0,68,0,anomaly
0.000022,51667,1,0,0,0,0,0,0,0,0,0,0,0,0,14,0,69,0,anomaly
0.000003,57118,1,0,0,0,0,0,0,0,0,0,0,0,0,15,0,70,0,anomaly
0.000019,38665,1,0,0,0,0,0,0,0,0,0,0,0,0,16,0,71,0,anomaly
0.000004,17053,1,0,0,0,0,0,0,0,0,0,0,0,0,17,0,72,0,anomaly
0.000020,29868,1,0,0,0,0,0,0,0,0,0,0,0,0,18,0,73,0,anomaly
0.000021,60976,1,0,0,0,0,0,0,0,0,0,0,0,0,19,0,74,0,anomaly
0.000004,7887,1,0,0,0,0,0,0,0,0,0,0,0,0,20,0,75,0,anomaly
0.000023,3009,1,0,0,0,0,0,0,0,0,0,0,0,0,21,0,76,0,anomaly
0.000003,18479,1,0,0,0,0,0,0,0,0,0,0,0,0,22,0,77,0,anomaly
0.000021,31126,1,0,0,0,0,0,0,0,0,0,0,0,0,16,0,78,0,anomaly
0.000003,54100,1,0,0,0,0,0,0,0,0,0,0,0,0,17,0,79,0,anomaly
0.000023,33703,1,0,0,0,0,0,0,0,0,0,0,0,0,18,0,80,0,anomaly
0.000020,40249,1,0,0,0,0,0,0,0,0,0,0,0,0,19,0,81,0,anomaly
0.000019,9130,1,0,0,0,0,0,0,0,0,0,0,0,0,20,0,82,0,anomaly
0.000022,32013,1,0,0,0,0,0,0,0,0,0,0,0,0,21,0,83,0,anomaly
0.000006,49409,1,0,0,0,0,0,0,0,0,0,0,0,0,22,0,84,0,anomaly
0.000022,20223,1,0,0,0,0,0,0,0,0,0,0,0,0,17,0,85,0,anomaly
0.000021,45436,1,0,0,0,0,0,0,0,0,0,0,0,0,18,0,86,0,anomaly
0.000012,22268,1,0,0,0,0,0,0,0,0,0,0,0,0,19,0,87,0,anomaly
0.000022,45782,1,0,0,0,0,0,0,0,0,0,0,0,0,20,0,88,0,anomaly
0.000023,8562,1,0,0,0,0,0,0,0,0,0,0,0,0,21,0,89,0,anomaly
0.000005,54484,1,0,0,0,0,0,0,0,0,0,0,0,0,22,0,90,0,anomaly
0.000022,44261,1,0,0,0,0,0,0,0,0,0,0,0,0,23,0,91,0,anomaly
0.000022,45474,1,0,0,0,0,0,0,0,0,0,0,0,0,14,0,92,0,anomaly
0.000005,6460,1,0,0,0,0,0,0,0,0,0,0,0,0,15,0,93,0,anomaly
0.000000,15600,0,0,0,0,0,0,0,0,0,0,0,0,0,0,0,1,3,anomaly
0.000020,64085,1,0,0,0,0,0,0,0,0,0,0,0,0,16,0,94,0,anomaly
0.000022,58737,1,0,0,0,0,0,0,0,0,0,0,0,0,17,0,95,0,anomaly
0.000005,57493,1,0,0,0,0,0,0,0,0,0,0,0,0,18,0,96,0,anomaly
0.000005,27566,1,0,0,0,0,0,0,0,0,0,0,0,0,19,0,96,0,anomaly
0.000020,38042,1,0,0,0,0,0,0,0,0,0,0,0,0,13,0,96,0,anomaly
0.000018,34215,1,0,0,0,0,0,0,0,0,0,0,0,0,14,0,96,0,anomaly
0.000043,45010,1,0,0,0,0,0,0,0,0,0,0,0,0,15,0,96,0,anomaly
0.000005,48772,1,0,0,0,0,0,0,0,0,0,0,0,0,16,0,96,0,anomaly
0.000022,63935,1,0,0,0,0,0,0,0,0,0,0,0,0,17,0,96,0,anomaly
0.000023,58027,1,0,0,0,0,0,0,0,0,0,0,0,0,18,0,96,0,anomaly
0.000021,36954,1,0,0,0,0,0,0,0,0,0,0,0,0,19,0,97,0,anomaly
0.000024,60733,1,0,0,0,0,0,0,0,0,0,0,0,0,20,0,97,0,anomaly
0.000005,7304,1,0,0,0,0,0,0,0,0,0,0,0,0,21,0,97,0,anomaly
0.000020,52272,1,0,0,0,0,0,0,0,0,0,0,0,0,15,0,97,0,anomaly
0.000021,12066,1,0,0,0,0,0,0,0,0,0,0,0,0,16,0,97,0,anomaly
0.000021,51974,1,0,0,0,0,0,0,0,0,0,0,0,0,17,0,97,0,anomaly
0.000022,63536,1,0,0,0,0,0,0,0,0,0,0,0,0,18,0,97,0,anomaly
0.000000,15600,0,0,0,0,0,0,0,0,0,0,0,0,0,0,0,1,3,anomaly
0.000023,7677,1,0,0,0,0,0,0,0,0,0,0,0,0,13,0,96,0,anomaly
0.000003,38831,1,0,0,0,0,0,0,0,0,0,0,0,0,14,0,96,0,anomaly
0.000022,37850,1,0,0,0,0,0,0,0,0,0,0,0,0,15,0,96,0,anomaly
0.000005,56664,1,0,0,0,0,0,0,0,0,0,0,0,0,16,0,96,0,anomaly
0.000018,27508,1,0,0,0,0,0,0,0,0,0,0,0,0,17,0,96,0,anomaly
0.000003,50440,1,0,0,0,0,0,0,0,0,0,0,0,0,18,0,96,0,anomaly
0.000012,10418,1,0,0,0,0,0,0,0,0,0,0,0,0,19,0,96,0,anomaly
0.000010,50893,1,0,0,0,0,0,0,0,0,0,0,0,0,20,0,96,0,anomaly
0.000021,5292,1,0,0,0,0,0,0,0,0,0,0,0,0,21,0,96,0,anomaly
0.000021,20255,1,0,0,0,0,0,0,0,0,0,0,0,0,22,0,96,0,anomaly
0.000003,50286,1,0,0,0,0,0,0,0,0,0,0,0,0,23,0,96,0,anomaly
